0.00	10135 10397
3.00	10135 11433
30.00	10135 13930
-3.00	10136 11298
21.00	10140 10397
-1.00	10140 10821
15.00	10140 11259
15.00	10140 11292
-9.00	10140 11298
-12.00	10140 12191
-5.00	10140 12266
-14.00	10140 12478
-3.00	10140 12889
-23.00	10140 12892
14.00	10140 13198
-17.00	10140 13232
14.00	10140 13796
32.00	10140 13930
17.00	10140 14057
-6.00	10140 14107
-14.00	10140 14679
-18.00	10140 14747
-7.00	10140 14869
9.00	10141 13487
-15.00	10146 10397
15.00	10155 11298
9.00	10157 14771
-13.00	10158 11697
28.00	10158 13204
-10.00	10158 13577
-11.00	10158 14635
54.00	10158 15304
-4.00	10165 10299
-6.00	10170 10299
7.00	10185 10397
-11.00	10185 11298
33.00	10185 12266
-16.00	10208 10397
-55.00	10257 10397
-13.00	10257 10821
-18.00	10257 11057
-13.00	10257 11697
-38.00	10257 13204
6.00	10257 13232
6.00	10257 13930
	10268 13930
32.00	10279 11259
	10279 11292
13.00	10279 11298
52.00	10279 12266
-9.00	10279 12889
-43.00	10299 10165
-6.00	10299 10551
151.00	10299 10926
-17.00	10299 11292
-13.00	10299 11630
-3.00	10299 12523
-48.00	10299 12758
38.00	10299 12889
25.00	10299 12892
-43.00	10299 13487
0.00	10299 13873
28.00	10299 13930
-5.00	10299 13970
3.00	10299 14057
-7.00	10299 14107
	10299 14709
-46.00	10299 14747
23.00	10333 11433
-2.00	10372 10397
-1.00	10372 11292
467.00	10372 11298
21.00	10372 12266
-18.00	10372 12892
	10372 13930
-31.00	10372 14771
13.00	10397 10135
1.00	10397 10140
13.00	10397 10146
-8.00	10397 10185
-4.00	10397 10208
-2.00	10397 10257
-3.00	10397 10372
33.00	10397 10408
9.00	10397 10423
-9.00	10397 10431
6.00	10397 10529
-12.00	10397 10599
-3.00	10397 10685
12.00	10397 10693
9.00	10397 10721
187.00	10397 10731
6.00	10397 10781
87.00	10397 10785
11.00	10397 10792
-9.00	10397 10821
85.00	10397 10868
-9.00	10397 10874
-4.00	10397 10980
-3.00	10397 10990
18.00	10397 10994
-16.00	10397 11003
13.00	10397 11042
-5.00	10397 11057
-12.00	10397 11066
89.00	10397 11109
-10.00	10397 11146
-10.00	10397 11150
-4.00	10397 11193
2.00	10397 11252
3.00	10397 11259
-15.00	10397 11267
14.00	10397 11278
10.00	10397 11292
-13.00	10397 11298
-5.00	10397 11308
-1.00	10397 11423
-11.00	10397 11433
5.00	10397 11481
41.00	10397 11503
16.00	10397 11540
1.00	10397 11612
-5.00	10397 11617
-13.00	10397 11618
-21.00	10397 11624
-10.00	10397 11641
101.00	10397 11697
0.00	10397 11721
16.00	10397 11775
11.00	10397 11778
2.00	10397 11953
-18.00	10397 11973
73.00	10397 11977
-11.00	10397 11982
4.00	10397 11986
-5.00	10397 11995
-13.00	10397 11996
-21.00	10397 12007
-22.00	10397 12094
-5.00	10397 12173
-12.00	10397 12191
17.00	10397 12197
-10.00	10397 12217
2.00	10397 12264
1.00	10397 12266
1.00	10397 12278
-8.00	10397 12323
12.00	10397 12339
43.00	10397 12448
-1.00	10397 12451
39.00	10397 12478
-12.00	10397 12889
28.00	10397 12892
12.00	10397 12945
6.00	10397 12951
10.00	10397 12953
-21.00	10397 12992
5.00	10397 13029
-15.00	10397 13198
10.00	10397 13204
29.00	10397 13230
-6.00	10397 13232
-10.00	10397 13244
11.00	10397 13277
-14.00	10397 13303
13.00	10397 13342
-2.00	10397 13360
-3.00	10397 13367
0.00	10397 13377
34.00	10397 13422
-16.00	10397 13485
-3.00	10397 13487
-20.00	10397 13495
-9.00	10397 13577
16.00	10397 13795
-3.00	10397 13851
-7.00	10397 13871
-8.00	10397 13930
-3.00	10397 13931
-5.00	10397 14027
-2.00	10397 14057
	10397 14098
4.00	10397 14100
-12.00	10397 14107
4.00	10397 14108
14.00	10397 14122
-15.00	10397 14193
5.00	10397 14307
1.00	10397 14321
-9.00	10397 14492
32.00	10397 14524
4.00	10397 14574
17.00	10397 14576
-14.00	10397 14635
-17.00	10397 14679
-13.00	10397 14683
-5.00	10397 14685
101.00	10397 14696
3.00	10397 14711
46.00	10397 14730
-6.00	10397 14747
1.00	10397 14771
-9.00	10397 14783
15.00	10397 14814
11.00	10397 14831
-15.00	10397 14843
-21.00	10397 14869
-16.00	10397 14893
-6.00	10397 14908
-13.00	10397 14986
-23.00	10397 15016
-6.00	10397 15024
-10.00	10397 15027
-1.00	10397 15096
-14.00	10397 15249
-13.00	10397 15304
-13.00	10397 15323
9.00	10397 15356
-16.00	10397 15370
-25.00	10397 15376
-10.00	10397 15412
-10.00	10397 15607
1.00	10397 15624
-4.00	10397 15919
24.00	10408 10397
2.00	10408 11433
-3.00	10408 13487
9.00	10408 13930
-3.00	10423 10397
9.00	10423 10693
-21.00	10423 10721
-3.00	10423 10821
-14.00	10423 11259
-15.00	10423 11278
8.00	10423 11292
40.00	10423 11298
1.00	10423 11433
41.00	10423 11540
7.00	10423 11618
-11.00	10423 11697
3.00	10423 12191
-12.00	10423 12206
333.00	10423 12266
1.00	10423 12478
1.00	10423 12889
77.00	10423 12892
20.00	10423 12954
6.00	10423 13204
-4.00	10423 13232
-8.00	10423 13495
-13.00	10423 13930
8.00	10423 14100
-2.00	10423 14107
6.00	10423 14679
-18.00	10423 14771
-32.00	10423 14831
-6.00	10423 14869
-9.00	10423 15304
220.00	10431 10397
16.00	10431 13930
68.00	10434 10397
-7.00	10434 11433
15.00	10434 13930
63.00	10469 11433
-21.00	10469 13487
-26.00	10469 13930
-17.00	10529 10397
-10.00	10529 10821
171.00	10529 11057
-12.00	10529 11278
-34.00	10529 11292
27.00	10529 11298
-37.00	10529 11433
-17.00	10529 11697
-29.00	10529 12264
	10529 13204
-9.00	10529 13232
-6.00	10529 13303
-14.00	10529 13487
-6.00	10529 13930
-3.00	10529 14027
-10.00	10529 14492
-12.00	10529 14635
22.00	10529 14843
-10.00	10529 15304
-9.00	10551 10299
64.00	10561 11292
-2.00	10561 12266
-5.00	10561 14107
-27.00	10561 14771
-14.00	10599 10397
-5.00	10599 10821
-18.00	10599 11259
-4.00	10599 11292
18.00	10599 11298
-9.00	10599 11433
57.00	10599 12191
3.00	10599 12266
-16.00	10599 12889
22.00	10599 12953
-4.00	10599 13204
-13.00	10599 13232
4.00	10599 13303
-11.00	10599 13930
-17.00	10599 15304
-22.00	10620 11292
1.00	10620 13487
9.00	10620 14869
79.00	10627 11292
-8.00	10627 11298
30.00	10627 13487
16.00	10627 13930
9.00	10631 13487
-28.00	10666 12173
5.00	10666 12889
-18.00	10666 13830
1.00	10666 14747
	10685 10397
2.00	10685 11298
10.00	10685 13487
	10685 13930
-22.00	10693 10397
-19.00	10693 10423
106.00	10693 10721
-5.00	10693 10821
-9.00	10693 10994
66.00	10693 11042
-6.00	10693 11057
-2.00	10693 11066
-6.00	10693 11193
-27.00	10693 11259
-21.00	10693 11278
31.00	10693 11292
-7.00	10693 11298
-7.00	10693 11433
-9.00	10693 11481
-9.00	10693 11618
-16.00	10693 11697
-18.00	10693 12191
-5.00	10693 12264
31.00	10693 12266
-4.00	10693 12451
2.00	10693 12478
-20.00	10693 12889
-23.00	10693 12892
-24.00	10693 12953
-10.00	10693 13198
-5.00	10693 13204
	10693 13232
44.00	10693 13303
14.00	10693 13487
18.00	10693 13495
-14.00	10693 13930
-3.00	10693 14100
-17.00	10693 14107
-18.00	10693 14122
71.00	10693 14492
-14.00	10693 14635
-5.00	10693 14679
21.00	10693 14869
-13.00	10693 15016
-14.00	10693 15304
-9.00	10713 11292
37.00	10713 11884
-14.00	10713 12266
-2.00	10713 12889
79.00	10713 12892
94.00	10713 13487
-15.00	10713 13796
7.00	10713 13930
0.00	10713 14107
14.00	10713 14679
10.00	10713 14771
-9.00	10713 14869
-11.00	10721 10397
-9.00	10721 10792
-19.00	10721 10821
-20.00	10721 10874
-11.00	10721 10994
-4.00	10721 11042
-8.00	10721 11057
1.00	10721 11193
44.00	10721 11278
15.00	10721 11292
-19.00	10721 11298
-12.00	10721 11433
-22.00	10721 11618
-16.00	10721 11697
43.00	10721 12191
21.00	10721 12264
21.00	10721 12266
-11.00	10721 12451
-10.00	10721 12478
-19.00	10721 12889
	10721 12892
42.00	10721 12953
-9.00	10721 12954
40.00	10721 13198
-11.00	10721 13204
-9.00	10721 13232
	10721 13303
13.00	10721 13342
19.00	10721 13487
28.00	10721 13495
-1.00	10721 13930
107.00	10721 14027
19.00	10721 14100
-32.00	10721 14107
-5.00	10721 14122
-19.00	10721 14492
-6.00	10721 14524
10.00	10721 14635
-9.00	10721 14679
	10721 14747
25.00	10721 14771
31.00	10721 14843
12.00	10721 14869
-10.00	10721 14986
8.00	10721 15016
-33.00	10721 15024
6.00	10721 15304
-4.00	10728 11298
12.00	10731 10397
105.00	10732 11618
-2.00	10732 11697
0.00	10732 12478
-14.00	10732 13204
-13.00	10739 12343
3.00	10739 13487
-16.00	10747 11298
1.00	10747 12266
3.00	10754 10299
-5.00	10754 11630
-1.00	10754 14709
-1.00	10779 14869
2.00	10781 10397
5.00	10781 11298
-6.00	10781 12266
-3.00	10785 10397
-7.00	10785 11433
34.00	10785 12478
-4.00	10792 10397
-24.00	10792 10721
-3.00	10792 10821
18.00	10792 11057
79.00	10792 11433
-24.00	10792 11618
4.00	10792 11697
-8.00	10792 12264
0.00	10792 12478
-20.00	10792 12889
155.00	10792 12953
-16.00	10792 13204
20.00	10792 13232
22.00	10792 13930
-25.00	10792 14107
-19.00	10792 15304
373.00	10800 11292
17.00	10800 12478
-11.00	10800 12889
176.00	10800 13796
-36.00	10800 14057
-8.00	10800 14107
0.00	10800 14747
9.00	10800 14771
12.00	10800 14831
-10.00	10800 14869
-2.00	10800 14893
18.00	10821 10257
33.00	10821 10397
-9.00	10821 10529
96.00	10821 10599
-9.00	10821 10693
	10821 10721
4.00	10821 10792
30.00	10821 10994
-11.00	10821 11042
-17.00	10821 11057
4.00	10821 11066
-3.00	10821 11259
-13.00	10821 11267
51.00	10821 11292
73.00	10821 11298
1.00	10821 11433
-29.00	10821 11697
-21.00	10821 11721
42.00	10821 11996
-12.00	10821 12191
6.00	10821 12266
62.00	10821 12339
-11.00	10821 12391
-20.00	10821 12451
15.00	10821 12478
-15.00	10821 12889
-12.00	10821 12892
-24.00	10821 12992
-23.00	10821 13198
-30.00	10821 13204
-26.00	10821 13232
61.00	10821 13244
-13.00	10821 13296
15.00	10821 13303
28.00	10821 13342
-23.00	10821 13487
0.00	10821 13495
70.00	10821 13796
31.00	10821 13851
-7.00	10821 13930
-12.00	10821 13931
32.00	10821 14027
27.00	10821 14107
22.00	10821 14122
-2.00	10821 14307
12.00	10821 14321
27.00	10821 14492
-9.00	10821 14576
-1.00	10821 14635
-24.00	10821 14679
-11.00	10821 14683
-14.00	10821 14730
-2.00	10821 14747
-4.00	10821 14771
	10821 14869
-7.00	10821 15016
-13.00	10821 15304
90.00	10849 10397
29.00	10849 11292
-2.00	10849 13487
-22.00	10849 14869
-9.00	10868 10397
65.00	10868 11298
153.00	10868 12264
-14.00	10868 13930
-16.00	10874 10397
-3.00	10874 10721
-17.00	10874 11278
-7.00	10874 11292
74.00	10874 11433
-9.00	10874 12953
4.00	10874 13204
-19.00	10874 13930
9.00	10874 14635
-10.00	10874 15304
-14.00	10918 14869
-15.00	10926 10299
20.00	10926 15991
-22.00	10930 14771
-3.00	10980 10397
-11.00	10980 11298
40.00	10980 11433
35.00	10980 13930
-7.00	10990 10397
92.00	10990 12953
-10.00	10990 13930
4.00	10994 10397
96.00	10994 10693
-10.00	10994 10721
-17.00	10994 10821
-10.00	10994 11057
16.00	10994 11278
64.00	10994 11298
-27.00	10994 11618
-18.00	10994 12191
45.00	10994 12264
-4.00	10994 12266
5.00	10994 12478
143.00	10994 12953
-18.00	10994 13232
-13.00	10994 13303
1.00	10994 13930
138.00	11003 10397
284.00	11003 11292
25.00	11003 11298
-14.00	11003 11433
-9.00	11003 13487
64.00	11003 13930
60.00	11013 11433
-11.00	11041 12892
-27.00	11042 10397
-12.00	11042 10529
23.00	11042 10693
3.00	11042 10721
-10.00	11042 10821
11.00	11042 11057
-15.00	11042 11278
-27.00	11042 11292
-12.00	11042 11298
-1.00	11042 11433
9.00	11042 11618
15.00	11042 11697
18.00	11042 12264
14.00	11042 12266
-14.00	11042 12889
	11042 12892
-7.00	11042 12953
0.00	11042 13204
-16.00	11042 13232
4.00	11042 13342
-27.00	11042 13487
-23.00	11042 13930
12.00	11042 14107
-1.00	11042 14635
-3.00	11042 14771
-29.00	11042 15016
1.00	11042 15304
47.00	11049 11298
-11.00	11049 12266
-12.00	11057 10257
-14.00	11057 10397
4.00	11057 10423
-12.00	11057 10529
10.00	11057 10693
-10.00	11057 10721
12.00	11057 10792
-10.00	11057 10821
-8.00	11057 10994
42.00	11057 11042
-5.00	11057 11193
-14.00	11057 11278
-11.00	11057 11292
-22.00	11057 11298
-13.00	11057 11433
-13.00	11057 11618
-5.00	11057 11697
-22.00	11057 12191
58.00	11057 12264
-9.00	11057 12266
-3.00	11057 12339
-1.00	11057 12451
	11057 12478
-7.00	11057 12889
-10.00	11057 12892
57.00	11057 12953
3.00	11057 13198
-17.00	11057 13204
-4.00	11057 13230
1.00	11057 13232
-12.00	11057 13244
-18.00	11057 13303
3.00	11057 13487
32.00	11057 13495
-3.00	11057 13930
-15.00	11057 13931
2.00	11057 14027
-15.00	11057 14057
-12.00	11057 14100
18.00	11057 14107
-2.00	11057 14122
-3.00	11057 14307
9.00	11057 14321
-14.00	11057 14492
-21.00	11057 14524
-6.00	11057 14576
-19.00	11057 14635
-2.00	11057 14679
-4.00	11057 14683
-25.00	11057 14747
35.00	11057 14771
12.00	11057 14843
-6.00	11057 14869
-22.00	11057 15016
7.00	11057 15096
-6.00	11057 15304
-4.00	11066 10397
-14.00	11066 10693
21.00	11066 10821
-4.00	11066 11057
-21.00	11066 11292
-31.00	11066 11298
	11066 11618
-23.00	11066 11697
-7.00	11066 12264
-5.00	11066 12266
-8.00	11066 12478
-4.00	11066 12892
-8.00	11066 12953
13.00	11066 13204
-18.00	11066 13232
13.00	11066 13303
-15.00	11066 13487
31.00	11066 13930
-35.00	11066 14107
-21.00	11066 14635
67.00	11066 15016
-1.00	11066 15304
-9.00	11067 13930
-5.00	11076 13930
-25.00	11092 14869
-8.00	11097 11292
9.00	11097 14869
-31.00	11109 11292
375.00	11109 11298
-3.00	11109 12266
48.00	11109 12892
9.00	11109 13930
-15.00	11109 14869
	11111 11298
106.00	11111 13930
-6.00	11122 11292
-4.00	11122 14869
-12.00	11140 11298
-5.00	11140 12191
-23.00	11140 12266
37.00	11146 10397
-26.00	11146 11298
-15.00	11146 12266
5.00	11146 13930
21.00	11150 10397
-16.00	11193 10397
-17.00	11193 10693
46.00	11193 10721
0.00	11193 11292
14.00	11193 11298
-20.00	11193 11618
-29.00	11193 11986
-6.00	11193 12266
5.00	11193 12478
-28.00	11193 12889
-25.00	11193 12892
223.00	11193 12953
-4.00	11193 13204
-10.00	11193 13303
-8.00	11193 13342
8.00	11193 13487
-8.00	11193 13930
-20.00	11193 14107
-23.00	11193 14635
-18.00	11193 14771
0.00	11193 14869
-8.00	11193 15016
57.00	11203 13930
-15.00	11252 10397
-6.00	11259 10140
10.00	11259 10279
16.00	11259 10397
-13.00	11259 10423
-1.00	11259 10693
-5.00	11259 10821
-15.00	11259 11278
-13.00	11259 11292
41.00	11259 11540
-9.00	11259 11697
7.00	11259 12191
-8.00	11259 12266
18.00	11259 12278
15.00	11259 12889
-31.00	11259 12892
-10.00	11259 12896
-25.00	11259 12953
-13.00	11259 12992
-11.00	11259 13158
19.00	11259 13198
-4.00	11259 13204
-13.00	11259 13232
-10.00	11259 13495
-11.00	11259 13796
19.00	11259 13851
-17.00	11259 14107
27.00	11259 14683
-17.00	11259 14771
-8.00	11259 14908
-15.00	11259 15016
8.00	11259 15304
20.00	11259 15370
-16.00	11267 10397
-16.00	11267 10821
-39.00	11267 11298
-17.00	11267 11433
2.00	11267 11618
-6.00	11267 12953
102.00	11267 13204
14.00	11267 13487
-27.00	11267 13930
72.00	11274 13930
-13.00	11278 10397
11.00	11278 10423
-5.00	11278 10529
-26.00	11278 10693
-6.00	11278 10721
-9.00	11278 10874
1.00	11278 10994
-10.00	11278 11042
-7.00	11278 11057
-26.00	11278 11259
1.00	11278 11292
-20.00	11278 11298
145.00	11278 11433
86.00	11278 11618
254.00	11278 11697
-38.00	11278 12191
-27.00	11278 12266
6.00	11278 12339
17.00	11278 12451
-3.00	11278 12478
-10.00	11278 12892
60.00	11278 12953
-19.00	11278 13198
-6.00	11278 13204
-25.00	11278 13232
-6.00	11278 13303
-7.00	11278 13342
-18.00	11278 13487
7.00	11278 13495
0.00	11278 13930
-11.00	11278 14027
14.00	11278 14057
-13.00	11278 14100
-3.00	11278 14107
-21.00	11278 14635
-26.00	11278 14747
-13.00	11278 14771
-4.00	11278 14843
-5.00	11278 14869
-12.00	11278 15016
-9.00	11278 15304
3.00	11292 10140
-6.00	11292 10279
28.00	11292 10299
9.00	11292 10372
13.00	11292 10397
12.00	11292 10423
-14.00	11292 10561
-3.00	11292 10599
55.00	11292 10620
-3.00	11292 10627
-2.00	11292 10693
-5.00	11292 10713
158.00	11292 10721
192.00	11292 10800
-19.00	11292 10821
6.00	11292 10849
109.00	11292 11003
5.00	11292 11042
-9.00	11292 11057
25.00	11292 11097
109.00	11292 11109
98.00	11292 11122
16.00	11292 11193
-16.00	11292 11259
-18.00	11292 11267
-5.00	11292 11278
95.00	11292 11298
-15.00	11292 11315
-2.00	11292 11413
-5.00	11292 11423
2.00	11292 11433
13.00	11292 11503
-11.00	11292 11540
27.00	11292 11603
117.00	11292 11618
10.00	11292 11637
3.00	11292 11638
77.00	11292 11648
11.00	11292 11697
61.00	11292 11775
28.00	11292 11865
38.00	11292 11884
39.00	11292 11921
2.00	11292 11986
-23.00	11292 12003
11.00	11292 12173
3.00	11292 12191
-3.00	11292 12217
-24.00	11292 12255
0.00	11292 12264
29.00	11292 12266
-8.00	11292 12278
15.00	11292 12280
21.00	11292 12339
24.00	11292 12389
-2.00	11292 12441
-5.00	11292 12451
-7.00	11292 12478
-6.00	11292 12519
-8.00	11292 12888
20.00	11292 12889
82.00	11292 12892
-23.00	11292 12896
10.00	11292 12953
18.00	11292 12982
-11.00	11292 12992
123.00	11292 13029
79.00	11292 13158
8.00	11292 13198
-1.00	11292 13204
4.00	11292 13230
-19.00	11292 13232
3.00	11292 13244
4.00	11292 13264
-3.00	11292 13303
-6.00	11292 13342
90.00	11292 13367
-23.00	11292 13433
-10.00	11292 13485
-19.00	11292 13486
-8.00	11292 13487
-17.00	11292 13495
-2.00	11292 13502
-34.00	11292 13796
98.00	11292 13830
-8.00	11292 13851
50.00	11292 13871
79.00	11292 13891
30.00	11292 13930
-8.00	11292 14027
13.00	11292 14057
-22.00	11292 14100
-13.00	11292 14107
	11292 14108
16.00	11292 14122
	11292 14252
74.00	11292 14262
-15.00	11292 14288
131.00	11292 14489
-3.00	11292 14492
12.00	11292 14543
-14.00	11292 14570
-16.00	11292 14635
	11292 14674
16.00	11292 14679
43.00	11292 14683
	11292 14689
16.00	11292 14730
-15.00	11292 14747
-25.00	11292 14771
-22.00	11292 14783
-5.00	11292 14794
12.00	11292 14814
-7.00	11292 14831
14.00	11292 14869
-15.00	11292 14893
-3.00	11292 14908
0.00	11292 15016
-2.00	11292 15304
-5.00	11292 15370
-3.00	11292 15376
-14.00	11292 15412
-19.00	11292 15919
-3.00	11298 10136
-5.00	11298 10140
-10.00	11298 10155
-5.00	11298 10185
-7.00	11298 10279
-19.00	11298 10372
-9.00	11298 10397
-6.00	11298 10423
8.00	11298 10529
3.00	11298 10599
90.00	11298 10627
5.00	11298 10685
	11298 10693
-6.00	11298 10721
35.00	11298 10728
-9.00	11298 10747
0.00	11298 10781
7.00	11298 10821
6.00	11298 10868
17.00	11298 10980
-3.00	11298 10994
9.00	11298 11003
21.00	11298 11042
40.00	11298 11049
6.00	11298 11057
-16.00	11298 11066
-7.00	11298 11067
5.00	11298 11109
48.00	11298 11111
34.00	11298 11140
6.00	11298 11146
-1.00	11298 11193
-8.00	11298 11267
3.00	11298 11278
-9.00	11298 11292
40.00	11298 11413
0.00	11298 11423
142.00	11298 11433
39.00	11298 11503
-7.00	11298 11540
-6.00	11298 11612
-12.00	11298 11618
-21.00	11298 11637
-10.00	11298 11638
-10.00	11298 11697
22.00	11298 11775
-18.00	11298 11778
-8.00	11298 11823
-1.00	11298 11867
-9.00	11298 11905
-18.00	11298 11921
-9.00	11298 11973
7.00	11298 11980
6.00	11298 11982
5.00	11298 11986
8.00	11298 11995
-2.00	11298 11996
25.00	11298 12094
23.00	11298 12173
20.00	11298 12191
-3.00	11298 12217
31.00	11298 12264
27.00	11298 12266
-3.00	11298 12278
17.00	11298 12339
72.00	11298 12448
8.00	11298 12451
10.00	11298 12478
32.00	11298 12511
153.00	11298 12889
-12.00	11298 12891
102.00	11298 12892
5.00	11298 12896
-2.00	11298 12915
-8.00	11298 12945
61.00	11298 12951
-14.00	11298 12953
7.00	11298 12992
5.00	11298 13061
-6.00	11298 13158
36.00	11298 13198
-3.00	11298 13204
11.00	11298 13241
-1.00	11298 13244
-12.00	11298 13256
-3.00	11298 13277
6.00	11298 13290
8.00	11298 13303
11.00	11298 13342
-4.00	11298 13367
56.00	11298 13377
-12.00	11298 13422
26.00	11298 13485
12.00	11298 13487
72.00	11298 13495
18.00	11298 13796
261.00	11298 13830
-15.00	11298 13851
-12.00	11298 13871
-5.00	11298 13891
34.00	11298 13930
-2.00	11298 13931
15.00	11298 14027
-3.00	11298 14057
-3.00	11298 14100
179.00	11298 14107
2.00	11298 14108
37.00	11298 14122
-2.00	11298 14193
-18.00	11298 14262
7.00	11298 14457
-3.00	11298 14492
-13.00	11298 14524
13.00	11298 14570
	11298 14588
13.00	11298 14635
	11298 14674
-24.00	11298 14679
-12.00	11298 14683
0.00	11298 14685
13.00	11298 14730
-3.00	11298 14747
137.00	11298 14771
12.00	11298 14783
33.00	11298 14814
-4.00	11298 14831
2.00	11298 14842
45.00	11298 14843
4.00	11298 14869
-16.00	11298 14893
-18.00	11298 14908
38.00	11298 14952
85.00	11298 14960
141.00	11298 15016
-4.00	11298 15249
54.00	11298 15304
140.00	11298 15370
-11.00	11298 15376
-3.00	11298 15401
-1.00	11298 15411
6.00	11298 15412
	11298 15624
-2.00	11298 15919
5.00	11308 10397
-37.00	11315 11292
5.00	11315 13487
-19.00	11337 13487
-18.00	11337 13930
5.00	11413 11292
26.00	11413 11298
-15.00	11423 10397
-8.00	11423 11292
-1.00	11423 11298
17.00	11423 12266
-12.00	11423 12889
-13.00	11423 13232
-12.00	11423 13487
-3.00	11423 13930
-18.00	11433 10135
-13.00	11433 10333
-37.00	11433 10397
-2.00	11433 10408
-25.00	11433 10423
-1.00	11433 10434
-17.00	11433 10469
96.00	11433 10529
-17.00	11433 10599
40.00	11433 10693
20.00	11433 10721
-5.00	11433 10785
21.00	11433 10792
7.00	11433 10821
-28.00	11433 11003
-27.00	11433 11013
-11.00	11433 11042
14.00	11433 11057
	11433 11193
10.00	11433 11267
5.00	11433 11278
16.00	11433 11292
-4.00	11433 11298
21.00	11433 11423
-2.00	11433 11537
-12.00	11433 11577
-22.00	11433 11587
-3.00	11433 11612
	11433 11618
-24.00	11433 11697
-17.00	11433 11823
8.00	11433 11977
3.00	11433 11986
-27.00	11433 11995
-16.00	11433 12197
51.00	11433 12217
-4.00	11433 12264
30.00	11433 12266
-8.00	11433 12339
64.00	11433 12451
-24.00	11433 12478
-16.00	11433 12884
55.00	11433 12889
-2.00	11433 12892
-20.00	11433 12945
-35.00	11433 12953
17.00	11433 12992
81.00	11433 13184
-23.00	11433 13198
15.00	11433 13204
-6.00	11433 13230
29.00	11433 13232
2.00	11433 13244
-15.00	11433 13296
-12.00	11433 13303
0.00	11433 13342
-18.00	11433 13367
3.00	11433 13485
41.00	11433 13487
-11.00	11433 13495
-25.00	11433 13851
41.00	11433 13871
58.00	11433 13930
-13.00	11433 13931
-13.00	11433 14057
80.00	11433 14100
2.00	11433 14107
-18.00	11433 14108
-22.00	11433 14122
5.00	11433 14150
-11.00	11433 14307
-14.00	11433 14321
100.00	11433 14635
-43.00	11433 14679
-19.00	11433 14683
-26.00	11433 14696
26.00	11433 14747
4.00	11433 14771
-10.00	11433 14869
-12.00	11433 15016
52.00	11433 15304
104.00	11433 15380
-6.00	11447 11292
89.00	11447 12519
9.00	11471 13930
-16.00	11481 10397
-14.00	11481 10693
-21.00	11481 12191
-20.00	11503 10397
-15.00	11503 11298
-25.00	11503 11618
44.00	11503 12266
4.00	11503 12478
49.00	11503 12892
13.00	11503 13303
-13.00	11503 13930
-14.00	11525 14869
10.00	11537 10397
-2.00	11537 11433
-28.00	11537 13930
-9.00	11540 10397
-6.00	11540 10423
43.00	11540 11259
83.00	11540 11292
20.00	11540 11298
-16.00	11540 12191
5.00	11540 12266
155.00	11540 12889
-15.00	11540 12892
-2.00	11540 13930
-3.00	11540 14107
-5.00	11540 14683
-3.00	11577 11433
6.00	11577 13930
-13.00	11587 11433
-24.00	11603 11292
-10.00	11603 12892
-29.00	11603 14771
-21.00	11603 14869
-6.00	11612 10397
17.00	11612 11298
10.00	11612 11433
-14.00	11612 13930
-1.00	11617 10397
-19.00	11618 10397
23.00	11618 10423
-11.00	11618 10434
-17.00	11618 10693
-6.00	11618 10721
5.00	11618 10732
83.00	11618 10792
0.00	11618 10849
-14.00	11618 10994
-16.00	11618 11042
-20.00	11618 11057
-2.00	11618 11066
-9.00	11618 11193
4.00	11618 11267
20.00	11618 11278
-17.00	11618 11292
45.00	11618 11298
-8.00	11618 11433
16.00	11618 11697
-7.00	11618 11986
-11.00	11618 11995
13.00	11618 11996
-7.00	11618 12173
35.00	11618 12191
4.00	11618 12264
9.00	11618 12266
12.00	11618 12339
56.00	11618 12441
-10.00	11618 12451
21.00	11618 12889
	11618 12892
-2.00	11618 13198
40.00	11618 13204
91.00	11618 13232
9.00	11618 13244
31.00	11618 13296
51.00	11618 13303
9.00	11618 13342
-3.00	11618 13485
-26.00	11618 13487
-15.00	11618 13495
-6.00	11618 13871
-18.00	11618 13930
	11618 13931
40.00	11618 14027
8.00	11618 14057
-9.00	11618 14107
-16.00	11618 14122
30.00	11618 14307
-7.00	11618 14321
8.00	11618 14492
-11.00	11618 14524
-13.00	11618 14576
-31.00	11618 14635
-28.00	11618 14679
5.00	11618 14685
1.00	11618 14696
13.00	11618 14730
-43.00	11618 14747
	11618 14771
-10.00	11618 14843
-51.00	11618 14869
-1.00	11618 14908
8.00	11618 15016
-8.00	11618 15024
-12.00	11618 15096
7.00	11618 15304
25.00	11618 15412
	11618 15919
-5.00	11624 10397
-5.00	11624 13303
69.00	11630 10299
25.00	11630 14747
7.00	11637 11292
-2.00	11637 11298
35.00	11637 13487
	11637 13930
-14.00	11637 14869
-6.00	11638 11292
958.00	11638 11298
-10.00	11638 12892
58.00	11638 14107
-11.00	11638 14747
22.00	11638 14771
-7.00	11638 14869
1.00	11641 10397
4.00	11648 11292
-20.00	11648 14869
3.00	11695 14107
137.00	11697 10158
-18.00	11697 10257
6.00	11697 10397
-13.00	11697 10423
5.00	11697 10529
-11.00	11697 10693
-26.00	11697 10721
-1.00	11697 10732
-4.00	11697 10792
8.00	11697 10821
27.00	11697 11042
-19.00	11697 11057
-22.00	11697 11066
-10.00	11697 11193
-13.00	11697 11259
-9.00	11697 11278
-9.00	11697 11292
3.00	11697 11298
-32.00	11697 11433
121.00	11697 11618
-20.00	11697 12191
-7.00	11697 12197
7.00	11697 12264
38.00	11697 12265
12.00	11697 12266
-8.00	11697 12339
-7.00	11697 12391
-13.00	11697 12451
-12.00	11697 12478
-27.00	11697 12889
4.00	11697 12892
-4.00	11697 12898
-1.00	11697 12953
-22.00	11697 13198
0.00	11697 13204
-6.00	11697 13232
-17.00	11697 13342
-18.00	11697 13487
-13.00	11697 13495
6.00	11697 13577
-2.00	11697 13930
	11697 13933
127.00	11697 14100
-13.00	11697 14107
94.00	11697 14122
5.00	11697 14307
3.00	11697 14492
49.00	11697 14524
10.00	11697 14771
0.00	11697 14843
22.00	11697 15016
41.00	11697 15070
-19.00	11697 15304
81.00	11697 15356
-46.00	11721 10397
-11.00	11721 10821
-16.00	11721 12889
-10.00	11721 13204
-14.00	11721 13487
-6.00	11721 13930
-21.00	11721 15304
-17.00	11775 10397
-12.00	11775 11292
224.00	11775 11298
65.00	11775 13487
	11775 13930
-6.00	11778 10397
-16.00	11778 11298
-17.00	11823 10397
48.00	11823 11298
	11823 13930
-34.00	11865 11292
-9.00	11865 14543
-12.00	11865 14869
-2.00	11867 11298
-16.00	11884 10713
-1.00	11884 11292
35.00	11884 12889
-9.00	11884 13487
31.00	11884 13796
-1.00	11884 14747
-1.00	11884 14869
-11.00	11898 13487
-17.00	11905 11298
-6.00	11921 11292
3.00	11921 11298
-9.00	11921 14107
-3.00	11921 14869
25.00	11953 10397
-17.00	11953 13303
-8.00	11973 10397
9.00	11973 11298
-9.00	11973 12266
-9.00	11977 10397
-23.00	11977 11433
-12.00	11977 13487
11.00	11977 13930
14.00	11980 11298
-12.00	11982 10397
-5.00	11982 11298
-12.00	11982 12266
-22.00	11986 10397
4.00	11986 10821
-23.00	11986 11193
-26.00	11986 11292
-60.00	11986 11298
18.00	11986 11433
-28.00	11986 13204
-17.00	11986 13487
83.00	11986 13930
-40.00	11986 14635
-30.00	11986 15016
-13.00	11986 15304
-4.00	11995 10397
47.00	11995 11298
-8.00	11995 11433
-5.00	11995 11618
-19.00	11995 12264
-3.00	11995 12953
9.00	11995 13303
82.00	11996 10397
-22.00	11996 10821
161.00	11996 11298
	11996 11618
-4.00	11996 12191
-9.00	11996 12266
-14.00	11996 13232
	11996 13930
-17.00	12003 11292
6.00	12003 14869
-14.00	12007 10397
268.00	12012 11292
-26.00	12012 11298
-16.00	12094 10397
-27.00	12094 11298
41.00	12094 12266
84.00	12094 14747
-25.00	12129 12343
-27.00	12129 13487
-23.00	12156 11292
-2.00	12156 14869
10.00	12173 10397
-44.00	12173 11292
70.00	12173 11298
	12173 11618
22.00	12173 12016
8.00	12173 12266
4.00	12173 12402
-27.00	12173 12478
-7.00	12173 12758
-35.00	12173 12889
-45.00	12173 12892
4.00	12173 12982
4.00	12173 13796
4.00	12173 13830
5.00	12173 13930
-54.00	12173 14057
7.00	12173 14107
12.00	12173 14679
9.00	12173 14747
0.00	12173 14771
17.00	12173 14831
-4.00	12173 14869
-36.00	12173 14893
184.00	12177 12266
-17.00	12191 10140
-6.00	12191 10397
11.00	12191 10423
-11.00	12191 10599
-7.00	12191 10693
-16.00	12191 10721
-11.00	12191 10821
13.00	12191 10994
-7.00	12191 11057
-8.00	12191 11140
-15.00	12191 11259
-12.00	12191 11278
17.00	12191 11292
61.00	12191 11298
-11.00	12191 11481
	12191 11540
-24.00	12191 11618
32.00	12191 11697
-4.00	12191 12206
5.00	12191 12339
6.00	12191 12451
53.00	12191 12889
-5.00	12191 12892
40.00	12191 12953
-9.00	12191 13158
-13.00	12191 13198
-4.00	12191 13204
-7.00	12191 13232
32.00	12191 13244
-4.00	12191 13495
128.00	12191 13796
-13.00	12191 13851
2.00	12191 14107
-6.00	12191 14122
17.00	12191 14193
-19.00	12191 14492
-37.00	12191 14679
-5.00	12191 14683
-42.00	12191 14908
-13.00	12191 15016
-5.00	12191 15304
40.00	12191 15370
-21.00	12197 10397
5.00	12197 11433
-3.00	12197 11697
	12197 13204
-35.00	12197 13930
5.00	12197 14027
	12197 14635
-18.00	12197 15304
-10.00	12206 10423
-1.00	12206 12191
-2.00	12206 12266
7.00	12217 10397
-28.00	12217 11292
21.00	12217 11298
-17.00	12217 12266
50.00	12217 13930
-10.00	12255 11292
-11.00	12264 10397
-1.00	12264 10529
17.00	12264 10693
-16.00	12264 10721
-14.00	12264 10792
-1.00	12264 10868
0.00	12264 11042
-11.00	12264 11066
68.00	12264 11193
-12.00	12264 11292
-13.00	12264 11298
43.00	12264 11433
68.00	12264 11618
-2.00	12264 11986
	12264 11995
-2.00	12264 11996
-45.00	12264 12266
6.00	12264 12451
41.00	12264 12478
-2.00	12264 12889
-21.00	12264 12892
-23.00	12264 12953
30.00	12264 13204
10.00	12264 13232
0.00	12264 13303
-22.00	12264 13487
-5.00	12264 13930
11.00	12264 13931
-23.00	12264 14107
-13.00	12264 14122
29.00	12264 14307
24.00	12264 14492
-7.00	12264 14524
-18.00	12264 14576
-38.00	12264 14679
-9.00	12264 14685
2.00	12264 14747
-17.00	12264 14771
131.00	12264 14843
17.00	12264 14893
-10.00	12264 15024
-16.00	12264 15304
14.00	12264 15412
-22.00	12265 11697
3.00	12266 10140
-14.00	12266 10185
26.00	12266 10279
-18.00	12266 10372
-5.00	12266 10397
7.00	12266 10423
-37.00	12266 10561
-6.00	12266 10599
4.00	12266 10693
-28.00	12266 10713
-15.00	12266 10721
-19.00	12266 10747
1.00	12266 10781
10.00	12266 10821
24.00	12266 10849
-15.00	12266 10868
-4.00	12266 10994
-6.00	12266 11042
-9.00	12266 11049
13.00	12266 11057
-8.00	12266 11066
18.00	12266 11109
-2.00	12266 11140
19.00	12266 11193
0.00	12266 11259
-6.00	12266 11278
44.00	12266 11292
-12.00	12266 11298
-13.00	12266 11423
-8.00	12266 11433
43.00	12266 11540
29.00	12266 11618
-11.00	12266 11697
-18.00	12266 11973
1.00	12266 11982
20.00	12266 11986
-11.00	12266 11996
3.00	12266 12094
19.00	12266 12173
2.00	12266 12177
-11.00	12266 12206
-12.00	12266 12217
-19.00	12266 12264
-12.00	12266 12278
-3.00	12266 12339
-16.00	12266 12389
41.00	12266 12448
2.00	12266 12451
-7.00	12266 12889
-17.00	12266 12892
4.00	12266 12896
22.00	12266 12915
-1.00	12266 12951
-4.00	12266 12953
0.00	12266 12992
2.00	12266 13061
-10.00	12266 13158
9.00	12266 13198
3.00	12266 13204
-2.00	12266 13244
-14.00	12266 13256
-15.00	12266 13303
-20.00	12266 13342
-2.00	12266 13422
2.00	12266 13487
-10.00	12266 13495
-21.00	12266 13502
13.00	12266 13851
9.00	12266 13871
47.00	12266 13930
15.00	12266 13931
5.00	12266 14027
5.00	12266 14057
-4.00	12266 14100
1.00	12266 14107
8.00	12266 14122
-5.00	12266 14193
12.00	12266 14262
0.00	12266 14492
81.00	12266 14524
-36.00	12266 14679
9.00	12266 14683
-11.00	12266 14685
4.00	12266 14730
-18.00	12266 14747
-1.00	12266 14771
8.00	12266 14814
-20.00	12266 14831
-8.00	12266 14843
18.00	12266 14869
26.00	12266 14893
-23.00	12266 14908
2.00	12266 15016
2.00	12266 15304
-10.00	12266 15370
60.00	12266 15376
14.00	12266 15411
-3.00	12266 15412
-11.00	12266 15624
-9.00	12266 15919
-16.00	12278 10397
45.00	12278 11259
-10.00	12278 11292
-10.00	12278 11298
-6.00	12278 12266
-28.00	12278 12889
-42.00	12278 12892
-18.00	12278 13232
15.00	12278 13487
-20.00	12278 13930
-2.00	12280 11292
-3.00	12280 14869
165.00	12320 13204
-10.00	12320 15304
-15.00	12323 10397
-6.00	12335 13487
	12335 14520
-20.00	12339 10397
48.00	12339 10821
2.00	12339 11057
-7.00	12339 11278
112.00	12339 11292
3.00	12339 11298
24.00	12339 11433
-12.00	12339 11618
-13.00	12339 11697
14.00	12339 12191
12.00	12339 12264
-11.00	12339 12266
203.00	12339 12478
-24.00	12339 12889
	12339 12892
-13.00	12339 13204
-8.00	12339 13487
110.00	12339 13930
31.00	12339 14107
2.00	12339 14635
-27.00	12339 14771
-23.00	12339 15304
-16.00	12343 12129
149.00	12343 13487
4.00	12389 11292
-24.00	12389 12266
-5.00	12389 13487
1.00	12391 10821
-30.00	12391 11697
-12.00	12391 13204
19.00	12391 14027
-30.00	12391 15304
44.00	12402 12173
-10.00	12402 13830
100.00	12441 11292
4.00	12441 11298
2.00	12441 11618
85.00	12441 12892
-10.00	12441 13930
-18.00	12441 14747
-37.00	12441 14771
-17.00	12441 14869
-4.00	12448 10397
64.00	12448 11298
-7.00	12448 12266
-9.00	12448 13930
-19.00	12451 10397
-8.00	12451 10693
-19.00	12451 10721
3.00	12451 10821
2.00	12451 11057
-24.00	12451 11278
-5.00	12451 11292
-21.00	12451 11298
21.00	12451 11433
32.00	12451 11618
-11.00	12451 11697
-6.00	12451 12191
23.00	12451 12264
-2.00	12451 12266
16.00	12451 12478
-9.00	12451 12953
4.00	12451 13232
22.00	12451 13930
-11.00	12451 14100
-8.00	12478 10140
15.00	12478 10397
-19.00	12478 10423
12.00	12478 10721
26.00	12478 10785
9.00	12478 10792
-13.00	12478 10800
-10.00	12478 10994
111.00	12478 11042
-5.00	12478 11057
18.00	12478 11066
77.00	12478 11278
-4.00	12478 11292
-12.00	12478 11298
-2.00	12478 11433
0.00	12478 11503
-15.00	12478 11697
1013.00	12478 12173
23.00	12478 12264
4.00	12478 12339
-23.00	12478 12451
-6.00	12478 12889
35.00	12478 12892
-14.00	12478 12954
63.00	12478 13204
6.00	12478 13303
0.00	12478 13487
2.00	12478 13495
	12478 13796
116.00	12478 13930
7.00	12478 13931
-14.00	12478 14027
-23.00	12478 14057
26.00	12478 14107
-9.00	12478 14254
-10.00	12478 14321
50.00	12478 14492
-11.00	12478 14576
-14.00	12478 14635
87.00	12478 14679
-13.00	12478 14685
-29.00	12478 14747
-19.00	12478 14771
-3.00	12478 14843
120.00	12478 14869
-4.00	12478 14986
-25.00	12478 15024
9.00	12478 15096
-12.00	12478 15304
21.00	12511 11298
-5.00	12519 11292
13.00	12519 11447
-30.00	12523 10299
0.00	12523 12819
19.00	12523 14256
6.00	12523 14747
	12523 14828
-9.00	12523 15991
-9.00	12758 12173
-1.00	12758 12892
35.00	12758 13830
-39.00	12758 14057
	12758 14107
-13.00	12758 14747
-9.00	12758 14771
-23.00	12758 14831
0.00	12819 14747
-22.00	12819 15841
-16.00	12884 11433
143.00	12884 13487
-8.00	12884 13930
200.00	12888 11292
-14.00	12889 10140
-1.00	12889 10279
-15.00	12889 10299
14.00	12889 10397
9.00	12889 10423
-2.00	12889 10599
-27.00	12889 10666
-9.00	12889 10693
2.00	12889 10713
-4.00	12889 10721
1.00	12889 10792
-6.00	12889 10800
6.00	12889 10821
-7.00	12889 11042
-15.00	12889 11057
-8.00	12889 11066
	12889 11193
-4.00	12889 11259
-11.00	12889 11278
-19.00	12889 11292
7.00	12889 11298
59.00	12889 11423
-9.00	12889 11433
3.00	12889 11540
-33.00	12889 11618
-25.00	12889 11697
-11.00	12889 11721
17.00	12889 11884
21.00	12889 12173
23.00	12889 12191
7.00	12889 12264
-12.00	12889 12266
31.00	12889 12278
-10.00	12889 12339
15.00	12889 12478
-18.00	12889 12892
3.00	12889 12896
-15.00	12889 12954
-6.00	12889 12992
16.00	12889 13158
-9.00	12889 13198
-5.00	12889 13204
-10.00	12889 13232
19.00	12889 13303
4.00	12889 13342
83.00	12889 13487
-3.00	12889 13495
65.00	12889 13796
73.00	12889 13851
-4.00	12889 13871
42.00	12889 13891
87.00	12889 13930
-13.00	12889 14057
105.00	12889 14100
-20.00	12889 14107
7.00	12889 14122
1.00	12889 14492
-13.00	12889 14570
-4.00	12889 14679
24.00	12889 14683
-8.00	12889 14730
-15.00	12889 14747
10.00	12889 14771
2.00	12889 14831
82.00	12889 14869
-13.00	12889 14893
10.00	12889 14908
-8.00	12889 15016
30.00	12889 15304
43.00	12889 15370
-3.00	12889 15376
50.00	12891 11298
11.00	12892 10140
-53.00	12892 10299
	12892 10372
4.00	12892 10397
23.00	12892 10423
-7.00	12892 10693
-18.00	12892 10713
-8.00	12892 10721
21.00	12892 10821
-10.00	12892 11041
25.00	12892 11057
-9.00	12892 11066
36.00	12892 11109
-18.00	12892 11193
-20.00	12892 11259
-10.00	12892 11278
-17.00	12892 11292
32.00	12892 11298
-10.00	12892 11433
-11.00	12892 11503
-8.00	12892 11540
3.00	12892 11603
105.00	12892 11618
-3.00	12892 11638
	12892 11697
-9.00	12892 12094
1.00	12892 12173
8.00	12892 12191
9.00	12892 12264
57.00	12892 12266
9.00	12892 12278
-34.00	12892 12339
-14.00	12892 12402
7.00	12892 12441
	12892 12478
-12.00	12892 12758
-3.00	12892 12889
189.00	12892 12982
37.00	12892 13198
-26.00	12892 13204
-8.00	12892 13232
-20.00	12892 13244
28.00	12892 13303
-18.00	12892 13342
-1.00	12892 13476
60.00	12892 13487
18.00	12892 13495
32.00	12892 13502
-8.00	12892 13796
14.00	12892 13830
7.00	12892 13851
-24.00	12892 13930
10.00	12892 14027
-22.00	12892 14057
45.00	12892 14100
149.00	12892 14107
-10.00	12892 14122
-10.00	12892 14262
2.00	12892 14489
16.00	12892 14492
-8.00	12892 14570
22.00	12892 14674
-5.00	12892 14679
5.00	12892 14683
-11.00	12892 14689
-10.00	12892 14698
-7.00	12892 14747
56.00	12892 14771
17.00	12892 14831
-12.00	12892 14869
7.00	12892 14893
-8.00	12892 14905
15.00	12892 15016
47.00	12892 15304
-4.00	12892 15376
-6.00	12896 10423
-2.00	12896 11259
170.00	12896 11292
26.00	12896 11298
6.00	12896 12266
-8.00	12896 12889
-15.00	12898 13204
31.00	12898 15304
	12915 11298
-8.00	12915 12266
-16.00	12945 10397
-8.00	12945 11298
-18.00	12945 11433
-11.00	12945 12266
0.00	12945 13930
-7.00	12951 10397
-27.00	12951 11292
-2.00	12951 11298
-4.00	12951 12266
-34.00	12953 10397
13.00	12953 10599
-18.00	12953 10693
	12953 10721
51.00	12953 10792
5.00	12953 10868
-4.00	12953 10874
2.00	12953 10990
-19.00	12953 10994
27.00	12953 11042
18.00	12953 11057
-27.00	12953 11066
1.00	12953 11193
-23.00	12953 11259
	12953 11267
	12953 11278
5.00	12953 11292
-10.00	12953 11298
	12953 11433
-13.00	12953 11697
-13.00	12953 11995
134.00	12953 12191
	12953 12264
-18.00	12953 12266
44.00	12953 13198
	12953 13204
182.00	12953 13232
	12953 13296
25.00	12953 13303
-21.00	12953 13342
-13.00	12953 13487
-30.00	12953 13495
7.00	12953 13577
	12953 13871
3.00	12953 13930
	12953 13931
9.00	12953 14027
-16.00	12953 14100
97.00	12953 14122
51.00	12953 14492
-8.00	12953 14524
135.00	12953 14635
0.00	12953 14685
9.00	12953 14730
-5.00	12953 14986
50.00	12953 15016
5.00	12953 15096
-20.00	12953 15304
-18.00	12953 15919
-9.00	12954 10423
-26.00	12954 10721
23.00	12954 12478
-1.00	12954 12889
-9.00	12954 13796
-11.00	12954 14057
-25.00	12954 14747
25.00	12954 14771
1.00	12954 14869
0.00	12954 14893
-3.00	12982 12173
-7.00	12982 12892
3.00	12982 13830
-13.00	12982 14107
-26.00	12982 14679
49.00	12982 14747
-16.00	12982 14771
-12.00	12982 14831
-15.00	12992 10397
-7.00	12992 11259
-24.00	12992 11292
-9.00	12992 11298
12.00	12992 11433
-18.00	12992 12266
-35.00	12992 12889
3.00	12992 13232
57.00	12992 13930
-3.00	12992 14107
-32.00	13029 10397
7.00	13029 11292
-15.00	13029 13930
-6.00	13061 11298
-12.00	13061 12266
-12.00	13076 13930
-6.00	13158 11259
-8.00	13158 11292
35.00	13158 11298
-4.00	13158 12191
65.00	13158 12266
-9.00	13158 12889
-10.00	13184 13487
108.00	13184 13930
-23.00	13198 10140
45.00	13198 10397
9.00	13198 10693
-4.00	13198 10721
42.00	13198 10821
1.00	13198 11057
-17.00	13198 11259
-18.00	13198 11278
-20.00	13198 11292
-16.00	13198 11298
-19.00	13198 11433
-29.00	13198 11618
-14.00	13198 11697
-24.00	13198 12191
6.00	13198 12266
-7.00	13198 12339
42.00	13198 12889
1.00	13198 12892
-9.00	13198 12953
-8.00	13198 13204
-18.00	13198 13232
-15.00	13198 13342
-5.00	13198 13487
-5.00	13198 13495
9.00	13198 13930
-17.00	13198 14057
-5.00	13198 14107
-43.00	13198 14679
-22.00	13198 14747
-20.00	13198 14869
7.00	13198 15016
4.00	13204 10158
-21.00	13204 10257
-25.00	13204 10397
-5.00	13204 10423
-1.00	13204 10529
-10.00	13204 10599
81.00	13204 10685
-11.00	13204 10693
-6.00	13204 10721
-11.00	13204 10732
-16.00	13204 10792
31.00	13204 10821
-2.00	13204 10874
8.00	13204 11042
-10.00	13204 11057
11.00	13204 11066
-5.00	13204 11193
-17.00	13204 11259
-24.00	13204 11278
-13.00	13204 11292
49.00	13204 11298
-16.00	13204 11433
-9.00	13204 11618
0.00	13204 11697
-7.00	13204 11721
141.00	13204 11986
2.00	13204 12191
10.00	13204 12197
6.00	13204 12264
17.00	13204 12266
5.00	13204 12320
-5.00	13204 12339
-9.00	13204 12391
2.00	13204 12478
-13.00	13204 12889
-24.00	13204 12892
-19.00	13204 12898
147.00	13204 12953
5.00	13204 13198
-16.00	13204 13230
2.00	13204 13232
69.00	13204 13244
110.00	13204 13296
-12.00	13204 13303
-5.00	13204 13342
111.00	13204 13485
-22.00	13204 13487
-12.00	13204 13495
3.00	13204 13930
2.00	13204 13931
-10.00	13204 13933
-6.00	13204 14100
-25.00	13204 14107
-9.00	13204 14122
-20.00	13204 14254
-12.00	13204 14307
10.00	13204 14492
2.00	13204 14524
5.00	13204 14679
22.00	13204 14730
-3.00	13204 14747
-9.00	13204 14771
-12.00	13204 14843
-33.00	13204 14869
-27.00	13204 15016
-10.00	13204 15070
78.00	13204 15096
44.00	13204 15356
19.00	13230 10397
-4.00	13230 11057
-13.00	13230 11433
-5.00	13230 13204
73.00	13230 13930
-32.00	13232 10140
7.00	13232 10257
-13.00	13232 10397
-1.00	13232 10423
16.00	13232 10529
7.00	13232 10599
4.00	13232 10693
-12.00	13232 10721
46.00	13232 10792
-2.00	13232 10821
67.00	13232 10994
-19.00	13232 11042
64.00	13232 11057
6.00	13232 11066
-15.00	13232 11259
4.00	13232 11278
-26.00	13232 11292
-24.00	13232 11423
116.00	13232 11433
-13.00	13232 11618
-1.00	13232 11697
54.00	13232 11996
-14.00	13232 12191
-7.00	13232 12264
	13232 12278
83.00	13232 12451
-11.00	13232 12889
8.00	13232 12892
23.00	13232 12953
-24.00	13232 13198
48.00	13232 13204
-14.00	13232 13244
-19.00	13232 13296
118.00	13232 13487
-29.00	13232 13495
23.00	13232 13796
-6.00	13232 13851
35.00	13232 13871
18.00	13232 13931
-8.00	13232 14057
5.00	13232 14100
42.00	13232 14107
-15.00	13232 14122
77.00	13232 14307
-6.00	13232 14492
0.00	13232 14576
1.00	13232 14635
-16.00	13232 14679
-5.00	13232 14683
2.00	13232 14730
-26.00	13232 14747
-18.00	13232 14771
-16.00	13232 14831
-16.00	13232 14869
-5.00	13232 15016
-9.00	13232 15304
95.00	13232 15356
28.00	13232 15376
1.00	13241 11298
-23.00	13241 14109
17.00	13244 10397
-9.00	13244 10821
26.00	13244 11057
-16.00	13244 11292
3.00	13244 11298
8.00	13244 11433
-20.00	13244 11618
-17.00	13244 12191
34.00	13244 12266
-45.00	13244 12892
-12.00	13244 13204
-7.00	13244 13232
13.00	13244 13303
-22.00	13244 13487
19.00	13244 13930
-8.00	13244 15304
33.00	13256 11298
-19.00	13256 12266
-1.00	13264 14771
-17.00	13264 14869
-10.00	13277 10397
21.00	13277 11298
-3.00	13290 11298
-16.00	13290 13930
13.00	13296 10821
-21.00	13296 11618
-1.00	13296 12953
-30.00	13296 13204
-5.00	13296 13232
-25.00	13296 15304
-10.00	13303 10397
11.00	13303 10529
-12.00	13303 10599
-19.00	13303 10721
-9.00	13303 10821
3.00	13303 10994
6.00	13303 11057
-9.00	13303 11066
-8.00	13303 11193
8.00	13303 11278
-16.00	13303 11292
-14.00	13303 11298
-18.00	13303 11433
-16.00	13303 11503
-2.00	13303 11618
-22.00	13303 11624
-4.00	13303 11953
21.00	13303 11995
-1.00	13303 12264
-14.00	13303 12266
27.00	13303 12478
-29.00	13303 12889
-41.00	13303 12892
42.00	13303 12953
-9.00	13303 13204
-20.00	13303 13244
43.00	13303 13487
-1.00	13303 13495
39.00	13303 13930
-14.00	13303 13931
29.00	13303 14100
-37.00	13303 14107
-12.00	13303 14193
-6.00	13303 14492
-4.00	13303 14524
11.00	13303 14679
12.00	13303 14747
-6.00	13303 14771
6.00	13303 14843
-6.00	13303 15016
-14.00	13303 15024
-15.00	13303 15027
-9.00	13303 15249
-12.00	13303 15304
-26.00	13342 10397
-13.00	13342 10721
-12.00	13342 10821
10.00	13342 11042
5.00	13342 11193
-28.00	13342 11278
-1.00	13342 11292
11.00	13342 11298
-30.00	13342 11433
0.00	13342 11618
-53.00	13342 11697
15.00	13342 12266
15.00	13342 12889
-38.00	13342 12892
	13342 12953
26.00	13342 13198
-17.00	13342 13204
16.00	13342 13487
7.00	13342 13930
-29.00	13342 14107
-28.00	13342 14635
-11.00	13342 14747
-7.00	13342 14771
-10.00	13342 15016
123.00	13344 13930
-14.00	13360 10397
-7.00	13367 10397
-14.00	13367 11292
-14.00	13367 11298
1.00	13367 13930
-14.00	13377 10397
26.00	13377 11298
44.00	13377 12266
8.00	13388 14771
10.00	13422 10397
5.00	13422 11298
67.00	13422 12266
61.00	13422 13930
-8.00	13433 11292
86.00	13433 13487
44.00	13459 13930
-11.00	13476 12892
-16.00	13476 14107
-16.00	13476 14771
3.00	13485 10397
4.00	13485 11193
15.00	13485 11292
7.00	13485 11298
-12.00	13485 11433
5.00	13485 11618
-15.00	13485 13487
-28.00	13485 13930
-29.00	13485 14869
	13486 11292
-26.00	13486 13487
31.00	13486 14869
22.00	13487 10141
58.00	13487 10299
-5.00	13487 10397
7.00	13487 10408
170.00	13487 10423
1.00	13487 10469
-32.00	13487 10529
-10.00	13487 10620
-7.00	13487 10627
-17.00	13487 10631
-8.00	13487 10685
-14.00	13487 10693
-14.00	13487 10713
-6.00	13487 10721
6.00	13487 10739
-17.00	13487 10821
-12.00	13487 10849
103.00	13487 11003
-18.00	13487 11042
-21.00	13487 11057
-18.00	13487 11066
4.00	13487 11193
3.00	13487 11278
-22.00	13487 11292
-24.00	13487 11298
-22.00	13487 11315
-6.00	13487 11337
-13.00	13487 11433
	13487 11618
6.00	13487 11637
7.00	13487 11648
-7.00	13487 11697
-17.00	13487 11721
-29.00	13487 11775
-17.00	13487 11884
-6.00	13487 11898
-3.00	13487 11977
66.00	13487 11986
1.00	13487 12129
-20.00	13487 12264
140.00	13487 12266
-2.00	13487 12335
-9.00	13487 12339
-20.00	13487 12343
17.00	13487 12389
-18.00	13487 12884
-21.00	13487 12889
95.00	13487 12892
55.00	13487 12953
-28.00	13487 13076
-21.00	13487 13198
-5.00	13487 13204
-18.00	13487 13232
-19.00	13487 13244
31.00	13487 13303
	13487 13342
-4.00	13487 13433
-20.00	13487 13485
-28.00	13487 13495
0.00	13487 13851
-2.00	13487 13871
-30.00	13487 13930
-4.00	13487 14057
	13487 14100
8.00	13487 14107
-3.00	13487 14122
-11.00	13487 14457
-24.00	13487 14492
49.00	13487 14520
28.00	13487 14524
-2.00	13487 14570
-1.00	13487 14576
9.00	13487 14633
5.00	13487 14635
121.00	13487 14683
-19.00	13487 14747
-52.00	13487 14771
-47.00	13487 14831
-32.00	13487 14843
-21.00	13487 14869
-6.00	13487 14908
-30.00	13487 15016
12.00	13487 15304
-12.00	13487 15376
-9.00	13487 15919
-12.00	13495 10397
-12.00	13495 10423
-19.00	13495 10693
25.00	13495 10721
-11.00	13495 10821
10.00	13495 11057
12.00	13495 11259
-10.00	13495 11278
-11.00	13495 11292
-14.00	13495 11298
-11.00	13495 11433
19.00	13495 11618
-2.00	13495 11697
-15.00	13495 12191
-9.00	13495 12266
	13495 12478
-9.00	13495 12889
2.00	13495 12892
-18.00	13495 12953
0.00	13495 13198
-17.00	13495 13204
41.00	13495 13232
0.00	13495 13342
-6.00	13495 13487
-9.00	13495 13930
-17.00	13495 14100
55.00	13495 14679
19.00	13495 14747
-4.00	13495 14869
-6.00	13495 15016
42.00	13495 15304
-10.00	13502 11292
-20.00	13502 12266
10.00	13502 13930
-6.00	13577 10397
-18.00	13577 10721
93.00	13577 12953
-3.00	13795 10397
0.00	13796 10140
-11.00	13796 10423
11.00	13796 10713
	13796 10800
-5.00	13796 10821
43.00	13796 11259
-13.00	13796 11292
-13.00	13796 11884
-15.00	13796 12173
18.00	13796 12191
-8.00	13796 12889
-9.00	13796 12892
-10.00	13796 12954
-10.00	13796 12982
9.00	13796 13232
-17.00	13796 13830
5.00	13796 13891
-2.00	13796 14057
-17.00	13796 14107
30.00	13796 14679
19.00	13796 14747
-12.00	13796 14869
7.00	13796 14908
-34.00	13830 10666
-6.00	13830 11292
14.00	13830 11298
8.00	13830 12173
-16.00	13830 12402
-4.00	13830 12758
-15.00	13830 12892
3.00	13830 12982
58.00	13830 13796
-37.00	13830 14057
-16.00	13830 14107
-7.00	13830 14679
-42.00	13830 14747
-8.00	13830 14771
3.00	13830 14831
2.00	13830 14893
-2.00	13851 10397
-9.00	13851 10821
2.00	13851 11259
97.00	13851 11292
2.00	13851 11298
-1.00	13851 11433
-13.00	13851 12191
-10.00	13851 12266
-35.00	13851 12889
9.00	13851 12892
3.00	13851 13232
-13.00	13851 13487
-5.00	13851 13930
-10.00	13851 14107
89.00	13851 14771
-2.00	13851 14869
-17.00	13871 10397
60.00	13871 11292
-10.00	13871 11298
-10.00	13871 11433
-19.00	13871 11618
-6.00	13871 12266
-8.00	13871 12889
15.00	13871 12953
-7.00	13871 13204
-15.00	13871 13232
13.00	13871 13487
-18.00	13871 13930
-4.00	13871 14107
50.00	13871 14747
-23.00	13871 14869
-9.00	13871 15016
4.00	13873 10299
0.00	13873 13970
3.00	13891 11292
12.00	13891 11298
-19.00	13891 12266
-14.00	13891 12889
107.00	13891 13232
-3.00	13891 13796
-1.00	13891 14057
-10.00	13891 14107
-11.00	13891 14747
-14.00	13891 14771
0.00	13891 14831
-13.00	13891 14869
64.00	13891 14893
-13.00	13930 10135
-33.00	13930 10140
16.00	13930 10257
9.00	13930 10268
22.00	13930 10299
-20.00	13930 10372
-26.00	13930 10397
-2.00	13930 10408
59.00	13930 10423
75.00	13930 10431
84.00	13930 10469
	13930 10529
10.00	13930 10599
-12.00	13930 10627
55.00	13930 10685
148.00	13930 10693
22.00	13930 10713
-11.00	13930 10721
89.00	13930 10785
3.00	13930 10792
7.00	13930 10821
72.00	13930 10868
6.00	13930 10874
13.00	13930 10980
-4.00	13930 10990
-11.00	13930 11003
8.00	13930 11042
61.00	13930 11057
-6.00	13930 11066
125.00	13930 11067
13.00	13930 11076
3.00	13930 11109
-20.00	13930 11111
	13930 11146
-10.00	13930 11193
43.00	13930 11203
-1.00	13930 11267
0.00	13930 11274
1.00	13930 11278
3.00	13930 11292
-2.00	13930 11298
	13930 11337
47.00	13930 11423
-17.00	13930 11433
264.00	13930 11471
-5.00	13930 11503
46.00	13930 11537
3.00	13930 11540
3.00	13930 11577
-2.00	13930 11612
-9.00	13930 11618
63.00	13930 11637
27.00	13930 11648
0.00	13930 11697
8.00	13930 11721
32.00	13930 11775
7.00	13930 11823
15.00	13930 11977
	13930 11986
-11.00	13930 11996
	13930 12173
9.00	13930 12197
34.00	13930 12217
-16.00	13930 12264
54.00	13930 12266
11.00	13930 12278
10.00	13930 12339
-7.00	13930 12441
-6.00	13930 12448
-10.00	13930 12451
15.00	13930 12478
47.00	13930 12884
6.00	13930 12889
38.00	13930 12892
-20.00	13930 12945
-7.00	13930 12953
68.00	13930 12992
-16.00	13930 13029
-14.00	13930 13076
62.00	13930 13184
58.00	13930 13198
-22.00	13930 13204
39.00	13930 13230
6.00	13930 13244
2.00	13930 13290
7.00	13930 13303
4.00	13930 13342
81.00	13930 13344
-11.00	13930 13367
175.00	13930 13459
-10.00	13930 13485
0.00	13930 13487
-16.00	13930 13495
22.00	13930 13502
69.00	13930 13796
111.00	13930 13851
-26.00	13930 13871
-14.00	13930 13931
-5.00	13930 14006
89.00	13930 14027
-15.00	13930 14057
-11.00	13930 14100
10.00	13930 14107
-13.00	13930 14108
18.00	13930 14122
-21.00	13930 14262
17.00	13930 14307
48.00	13930 14492
-2.00	13930 14524
-40.00	13930 14570
109.00	13930 14574
11.00	13930 14576
	13930 14633
484.00	13930 14635
46.00	13930 14679
1.00	13930 14683
11.00	13930 14685
-13.00	13930 14696
6.00	13930 14711
-4.00	13930 14730
-12.00	13930 14747
150.00	13930 14771
-1.00	13930 14783
2.00	13930 14831
-23.00	13930 14843
7.00	13930 14869
-25.00	13930 14908
-23.00	13930 14952
-3.00	13930 14986
1.00	13930 15008
-14.00	13930 15016
	13930 15048
44.00	13930 15096
37.00	13930 15295
-20.00	13930 15304
-3.00	13930 15370
-16.00	13930 15376
78.00	13930 15380
-3.00	13930 15412
-8.00	13930 15919
-17.00	13931 10397
-12.00	13931 10821
-19.00	13931 11057
-3.00	13931 11298
-11.00	13931 11433
-9.00	13931 12264
-33.00	13931 12266
10.00	13931 12478
2.00	13931 12953
1.00	13931 13232
-18.00	13931 13303
11.00	13931 13930
29.00	13933 11697
-25.00	13933 13204
375.00	13970 10299
297.00	14006 13930
-2.00	14027 10158
0.00	14027 10397
-5.00	14027 10529
3.00	14027 10721
-8.00	14027 10821
10.00	14027 11057
-15.00	14027 11278
43.00	14027 11292
1.00	14027 11298
-18.00	14027 11433
-10.00	14027 11618
-23.00	14027 12197
-3.00	14027 12266
-7.00	14027 12391
-15.00	14027 12478
-11.00	14027 12892
36.00	14027 12953
19.00	14027 13930
9.00	14027 14100
-1.00	14027 15356
-22.00	14057 10299
-37.00	14057 10397
	14057 10721
	14057 10800
31.00	14057 11057
-7.00	14057 11278
-9.00	14057 11292
-9.00	14057 11298
2.00	14057 11618
-27.00	14057 12173
-26.00	14057 12264
9.00	14057 12266
20.00	14057 12478
-20.00	14057 12758
-9.00	14057 12889
-16.00	14057 12892
-16.00	14057 12954
3.00	14057 13198
-10.00	14057 13232
-22.00	14057 13487
45.00	14057 13796
-14.00	14057 13830
-19.00	14057 13891
-20.00	14057 13930
-10.00	14057 14107
3.00	14057 14262
-6.00	14057 14679
-8.00	14057 14689
-4.00	14057 14747
-12.00	14057 14771
-13.00	14057 14831
-18.00	14057 14869
-2.00	14057 14893
-10.00	14057 14908
5.00	14057 15376
-15.00	14098 10397
-31.00	14100 10397
20.00	14100 10693
46.00	14100 10721
-14.00	14100 11057
120.00	14100 11278
-4.00	14100 11292
-2.00	14100 11298
-15.00	14100 11433
82.00	14100 11697
16.00	14100 12266
-13.00	14100 12339
-40.00	14100 12451
-17.00	14100 12889
88.00	14100 12892
-24.00	14100 13204
-5.00	14100 13232
168.00	14100 13303
-31.00	14100 13487
-3.00	14100 13930
-10.00	14100 14027
-25.00	14100 14107
-8.00	14100 14122
61.00	14100 14492
20.00	14100 14635
8.00	14100 14679
-13.00	14100 14747
-54.00	14100 14771
36.00	14100 14843
7.00	14100 14869
11.00	14100 15016
4.00	14100 15024
-29.00	14100 15304
-8.00	14107 10140
-15.00	14107 10299
2.00	14107 10397
-9.00	14107 10423
6.00	14107 10561
26.00	14107 10693
-9.00	14107 10713
5.00	14107 10721
5.00	14107 10800
1.00	14107 10821
1.00	14107 11042
-22.00	14107 11057
21.00	14107 11066
31.00	14107 11193
51.00	14107 11259
-11.00	14107 11278
-7.00	14107 11292
17.00	14107 11298
-18.00	14107 11413
-9.00	14107 11433
2.00	14107 11540
	14107 11618
	14107 11638
-11.00	14107 11695
-19.00	14107 11697
10.00	14107 11884
5.00	14107 11921
191.00	14107 12173
-2.00	14107 12191
-20.00	14107 12266
-1.00	14107 12339
-30.00	14107 12478
29.00	14107 12758
103.00	14107 12889
2.00	14107 12892
-1.00	14107 12982
-4.00	14107 12992
18.00	14107 13198
-20.00	14107 13204
62.00	14107 13232
-2.00	14107 13303
5.00	14107 13342
-10.00	14107 13476
5.00	14107 13487
-17.00	14107 13796
-3.00	14107 13830
16.00	14107 13851
-7.00	14107 13871
97.00	14107 13891
19.00	14107 13930
15.00	14107 14057
-9.00	14107 14100
23.00	14107 14122
7.00	14107 14262
-16.00	14107 14570
-9.00	14107 14679
-2.00	14107 14683
18.00	14107 14689
-8.00	14107 14698
42.00	14107 14730
-6.00	14107 14747
-7.00	14107 14771
77.00	14107 14831
-19.00	14107 14869
22.00	14107 14893
-6.00	14107 14908
70.00	14107 15016
5.00	14107 15304
88.00	14107 15370
31.00	14107 15376
24.00	14107 16218
-40.00	14108 10397
-9.00	14108 11292
40.00	14108 11298
-12.00	14108 11433
-2.00	14108 13930
2.00	14109 11298
-18.00	14109 13241
-5.00	14113 14869
-15.00	14122 10397
-10.00	14122 10721
-22.00	14122 10821
-5.00	14122 11057
367.00	14122 11292
90.00	14122 11298
1.00	14122 11618
2.00	14122 11697
-13.00	14122 12264
64.00	14122 12266
-5.00	14122 12889
-14.00	14122 12892
14.00	14122 12953
-2.00	14122 13204
-6.00	14122 13232
-2.00	14122 13930
4.00	14122 14100
-36.00	14122 14107
-6.00	14122 14635
-3.00	14122 14771
-20.00	14122 15304
14.00	14150 11433
-10.00	14193 10397
19.00	14193 11298
-2.00	14193 12191
-18.00	14193 12266
	14193 13303
-24.00	14252 11292
-8.00	14252 14771
-20.00	14252 14869
-13.00	14254 12478
-10.00	14254 13204
-6.00	14256 12523
	14256 15841
26.00	14262 11292
9.00	14262 11298
-6.00	14262 12266
-9.00	14262 12478
44.00	14262 12892
11.00	14262 13487
-10.00	14262 14057
-10.00	14262 14107
1.00	14262 14747
9.00	14262 14771
2.00	14262 14869
7.00	14288 11292
21.00	14307 10397
14.00	14307 10821
-27.00	14307 11057
-8.00	14307 11433
-9.00	14307 11618
-12.00	14307 11697
-6.00	14307 12264
-36.00	14307 13204
-26.00	14307 13232
-7.00	14307 13930
-14.00	14307 15304
148.00	14321 10821
2.00	14321 11057
129.00	14321 11433
7.00	14321 12478
-31.00	14457 11292
124.00	14457 11298
-18.00	14457 13487
-2.00	14457 14869
-20.00	14487 14771
-14.00	14489 12892
-7.00	14489 14771
-16.00	14489 14869
-13.00	14492 10397
18.00	14492 10693
-5.00	14492 10721
-11.00	14492 10821
47.00	14492 11042
-2.00	14492 11057
-22.00	14492 11292
-10.00	14492 11298
-25.00	14492 11433
4.00	14492 11618
-27.00	14492 11697
-26.00	14492 12191
-8.00	14492 12264
-14.00	14492 12266
17.00	14492 12478
-5.00	14492 12889
3.00	14492 12892
-15.00	14492 12953
-8.00	14492 13204
-12.00	14492 13232
-8.00	14492 13303
-21.00	14492 13487
-22.00	14492 13930
-1.00	14492 14100
-17.00	14492 15304
-17.00	14492 15356
69.00	14520 12335
6.00	14520 13487
-30.00	14524 10397
4.00	14524 10721
-11.00	14524 11057
-26.00	14524 11298
21.00	14524 11433
-5.00	14524 11618
-11.00	14524 12264
40.00	14524 12266
-19.00	14524 12953
6.00	14524 13204
24.00	14524 13930
126.00	14543 11292
-14.00	14543 11865
-20.00	14543 14869
22.00	14570 11292
14.00	14570 11298
-16.00	14570 12889
-6.00	14570 12892
-3.00	14570 13487
4.00	14570 14107
-9.00	14570 14679
4.00	14570 14771
-25.00	14570 14869
33.00	14574 10397
-26.00	14574 12264
6.00	14574 13930
30.00	14576 10397
-8.00	14576 10821
-13.00	14576 11057
111.00	14576 11433
-19.00	14576 11618
37.00	14576 12264
-17.00	14576 12478
-30.00	14576 13232
-13.00	14576 13930
-3.00	14588 11298
-15.00	14633 10397
-11.00	14633 13487
-28.00	14633 13930
-15.00	14635 10158
-13.00	14635 10397
-9.00	14635 10529
-6.00	14635 10721
-12.00	14635 10821
18.00	14635 10874
-24.00	14635 11042
3.00	14635 11057
-23.00	14635 11066
184.00	14635 11278
79.00	14635 11292
31.00	14635 11298
-13.00	14635 11433
-14.00	14635 11618
-6.00	14635 11721
5.00	14635 11986
	14635 12197
-14.00	14635 12264
-4.00	14635 12266
1.00	14635 12339
-16.00	14635 12478
-18.00	14635 12898
68.00	14635 12953
6.00	14635 13232
-3.00	14635 13342
-22.00	14635 13487
-9.00	14635 13930
65.00	14635 14100
0.00	14635 14122
-19.00	14635 14307
-10.00	14635 15016
19.00	14635 15356
75.00	14674 11298
6.00	14674 12892
-7.00	14679 10140
-11.00	14679 10397
34.00	14679 10423
-2.00	14679 10693
3.00	14679 10713
-33.00	14679 10721
-2.00	14679 10821
-5.00	14679 11057
-17.00	14679 11259
-11.00	14679 11292
-5.00	14679 11298
-13.00	14679 11433
-18.00	14679 11618
-13.00	14679 12173
13.00	14679 12191
4.00	14679 12264
-20.00	14679 12266
3.00	14679 12478
-27.00	14679 12889
31.00	14679 12892
28.00	14679 13204
-8.00	14679 13232
-25.00	14679 13303
-6.00	14679 13487
59.00	14679 13495
-1.00	14679 13796
31.00	14679 13830
-31.00	14679 13930
-10.00	14679 14057
-15.00	14679 14100
-18.00	14679 14107
44.00	14679 14570
8.00	14679 14683
-23.00	14679 14747
2.00	14679 14771
-3.00	14679 14831
-11.00	14679 14869
-17.00	14679 14893
25.00	14679 15376
10.00	14683 10397
-16.00	14683 10693
-10.00	14683 10821
3.00	14683 11057
-9.00	14683 11259
24.00	14683 11292
-19.00	14683 11298
2.00	14683 11433
-8.00	14683 11540
-12.00	14683 12191
45.00	14683 12266
-10.00	14683 12889
4.00	14683 12892
9.00	14683 13204
	14683 13232
3.00	14683 13487
-5.00	14683 13930
2.00	14683 14100
-14.00	14683 14107
-2.00	14683 14679
9.00	14683 14771
7.00	14683 14869
-10.00	14683 15016
2.00	14683 15304
3.00	14685 10397
-9.00	14685 10721
3.00	14685 11298
-1.00	14685 11618
-7.00	14685 12264
-11.00	14685 12266
3.00	14685 12478
53.00	14685 12953
46.00	14685 13930
-22.00	14689 11292
-12.00	14689 12892
-6.00	14689 14057
-13.00	14689 14107
-3.00	14689 14747
25.00	14689 14771
24.00	14696 10397
22.00	14696 11433
-26.00	14696 11618
-22.00	14696 13487
79.00	14696 13930
14.00	14698 12892
9.00	14698 14107
-17.00	14698 14771
-2.00	14709 10754
11.00	14711 13930
-17.00	14730 10397
0.00	14730 10821
35.00	14730 11292
11.00	14730 11298
-26.00	14730 11618
4.00	14730 12264
0.00	14730 12266
-24.00	14730 12889
-13.00	14730 12953
-16.00	14730 13204
0.00	14730 13232
-4.00	14730 13930
-21.00	14730 14107
-21.00	14730 15304
2.00	14747 10140
-17.00	14747 10299
5.00	14747 10397
6.00	14747 10423
20.00	14747 10666
36.00	14747 10721
-8.00	14747 10800
-23.00	14747 10821
8.00	14747 11057
10.00	14747 11292
-4.00	14747 11298
7.00	14747 11433
-26.00	14747 11618
-13.00	14747 11630
-12.00	14747 11638
-4.00	14747 11697
-4.00	14747 11884
20.00	14747 12094
34.00	14747 12173
15.00	14747 12264
-10.00	14747 12266
320.00	14747 12441
8.00	14747 12478
-30.00	14747 12758
5.00	14747 12819
8.00	14747 12889
6.00	14747 12892
27.00	14747 12954
-8.00	14747 12982
1.00	14747 13198
5.00	14747 13204
-5.00	14747 13232
-10.00	14747 13303
-9.00	14747 13342
-4.00	14747 13487
-39.00	14747 13495
-7.00	14747 13796
7.00	14747 13830
140.00	14747 13871
-13.00	14747 13891
72.00	14747 13930
-7.00	14747 14057
-3.00	14747 14100
62.00	14747 14107
4.00	14747 14262
-15.00	14747 14679
1.00	14747 14683
1.00	14747 14689
99.00	14747 14771
-4.00	14747 14831
8.00	14747 14869
46.00	14747 14893
-5.00	14747 14908
-9.00	14747 15016
-41.00	14747 15304
-4.00	14747 15376
4.00	14771 10140
-13.00	14771 10157
0.00	14771 10299
136.00	14771 10372
-2.00	14771 10397
-13.00	14771 10423
89.00	14771 10561
	14771 10713
-11.00	14771 10721
33.00	14771 10800
5.00	14771 10821
138.00	14771 10930
7.00	14771 11042
-15.00	14771 11057
-3.00	14771 11193
5.00	14771 11259
-22.00	14771 11278
0.00	14771 11292
-8.00	14771 11298
46.00	14771 11433
-2.00	14771 11603
3.00	14771 11618
-7.00	14771 11638
12.00	14771 11697
-14.00	14771 12173
-10.00	14771 12264
29.00	14771 12266
-12.00	14771 12339
80.00	14771 12441
19.00	14771 12478
-6.00	14771 12758
67.00	14771 12889
-10.00	14771 12892
-4.00	14771 12954
-17.00	14771 12982
14.00	14771 13198
45.00	14771 13204
9.00	14771 13232
	14771 13264
20.00	14771 13303
12.00	14771 13342
-13.00	14771 13388
-14.00	14771 13476
-20.00	14771 13487
5.00	14771 13495
5.00	14771 13502
25.00	14771 13830
147.00	14771 13851
5.00	14771 13891
25.00	14771 13930
30.00	14771 13964
10.00	14771 14057
-6.00	14771 14100
-2.00	14771 14107
53.00	14771 14122
115.00	14771 14252
-6.00	14771 14262
134.00	14771 14487
34.00	14771 14489
72.00	14771 14492
22.00	14771 14570
3.00	14771 14679
43.00	14771 14683
1.00	14771 14689
0.00	14771 14698
7.00	14771 14747
-2.00	14771 14869
2.00	14771 14893
-13.00	14771 14908
34.00	14771 15016
27.00	14771 15041
2.00	14771 15376
-11.00	14783 10397
65.00	14783 11292
-14.00	14783 11298
6.00	14783 13930
213.00	14794 14869
-13.00	14814 10397
-18.00	14814 11292
-8.00	14814 11298
-3.00	14814 12266
4.00	14828 12523
239.00	14831 10397
0.00	14831 10423
-11.00	14831 10800
-6.00	14831 11292
-11.00	14831 11298
0.00	14831 12173
3.00	14831 12478
1.00	14831 12889
8.00	14831 12892
-13.00	14831 12982
-10.00	14831 13232
-2.00	14831 13487
-12.00	14831 13830
4.00	14831 13891
-4.00	14831 13930
-19.00	14831 14057
-5.00	14831 14107
2.00	14831 14679
8.00	14831 14747
-7.00	14831 14869
	14831 14908
	14842 11298
5.00	14843 10397
108.00	14843 10529
8.00	14843 10721
5.00	14843 10821
-6.00	14843 11057
-7.00	14843 11278
-3.00	14843 11298
	14843 11618
0.00	14843 11697
12.00	14843 12264
-19.00	14843 12478
-4.00	14843 13204
23.00	14843 13303
7.00	14843 13930
-1.00	14843 14100
-10.00	14843 15024
-7.00	14843 15027
38.00	14843 15304
0.00	14869 10140
-26.00	14869 10397
-22.00	14869 10423
5.00	14869 10620
45.00	14869 10693
-12.00	14869 10713
-13.00	14869 10721
9.00	14869 10779
21.00	14869 10800
-19.00	14869 10821
214.00	14869 10849
15.00	14869 10918
-7.00	14869 11057
-3.00	14869 11092
0.00	14869 11097
4.00	14869 11109
-31.00	14869 11122
-31.00	14869 11193
-25.00	14869 11278
4.00	14869 11292
0.00	14869 11298
0.00	14869 11433
-3.00	14869 11525
-16.00	14869 11603
-6.00	14869 11637
68.00	14869 11638
-36.00	14869 11648
17.00	14869 11865
-15.00	14869 11884
-1.00	14869 11921
12.00	14869 12003
-18.00	14869 12156
-5.00	14869 12173
-25.00	14869 12266
-7.00	14869 12280
1.00	14869 12441
-7.00	14869 12478
-35.00	14869 12889
-12.00	14869 12892
12.00	14869 12954
-2.00	14869 13127
13.00	14869 13198
18.00	14869 13204
2.00	14869 13232
-5.00	14869 13264
-16.00	14869 13485
4.00	14869 13486
6.00	14869 13487
4.00	14869 13495
-9.00	14869 13796
1.00	14869 13851
5.00	14869 13871
21.00	14869 13891
-13.00	14869 13930
-10.00	14869 14057
-11.00	14869 14100
-9.00	14869 14107
3.00	14869 14113
-5.00	14869 14252
-7.00	14869 14262
-9.00	14869 14457
8.00	14869 14489
-6.00	14869 14543
-3.00	14869 14570
-5.00	14869 14679
-7.00	14869 14683
-1.00	14869 14747
-28.00	14869 14771
-4.00	14869 14794
-23.00	14869 14831
-17.00	14869 14893
36.00	14869 14908
10.00	14869 15016
-13.00	14869 15041
-5.00	14869 15370
-4.00	14869 15376
-1.00	14869 15582
66.00	14893 10397
-7.00	14893 10800
-11.00	14893 11292
-4.00	14893 11298
17.00	14893 12173
-4.00	14893 12266
-5.00	14893 12889
51.00	14893 12892
-2.00	14893 12954
-8.00	14893 13232
15.00	14893 13487
-31.00	14893 13830
-6.00	14893 13891
-1.00	14893 14057
1.00	14893 14107
31.00	14893 14679
-2.00	14893 14747
9.00	14893 14771
-11.00	14893 14869
-12.00	14893 14908
-14.00	14905 12892
-7.00	14908 10397
5.00	14908 11259
-1.00	14908 11292
-21.00	14908 11298
2.00	14908 11618
2.00	14908 12191
0.00	14908 12266
-3.00	14908 12889
-28.00	14908 13487
-11.00	14908 13796
-16.00	14908 13930
-9.00	14908 14057
0.00	14908 14107
-15.00	14908 14747
-5.00	14908 14771
2.00	14908 14831
65.00	14908 14869
2.00	14908 14893
53.00	14952 11298
-12.00	14952 13930
7.00	14960 11298
-6.00	14986 10397
-14.00	14986 10721
-13.00	14986 12478
4.00	14986 12953
-9.00	15008 13930
-22.00	15016 10397
7.00	15016 10693
24.00	15016 10721
-4.00	15016 10821
-1.00	15016 11057
15.00	15016 11066
-12.00	15016 11193
-22.00	15016 11259
-16.00	15016 11278
17.00	15016 11292
16.00	15016 11298
-12.00	15016 11433
22.00	15016 11618
-18.00	15016 11697
	15016 11986
-17.00	15016 12191
-30.00	15016 12266
-3.00	15016 12889
0.00	15016 12892
64.00	15016 12953
0.00	15016 13198
-10.00	15016 13204
43.00	15016 13232
-13.00	15016 13303
-6.00	15016 13342
-17.00	15016 13487
101.00	15016 13495
-11.00	15016 13871
-10.00	15016 13930
3.00	15016 14100
-28.00	15016 14107
22.00	15016 14492
-16.00	15016 14635
-20.00	15016 14683
-10.00	15016 14771
-9.00	15016 14869
8.00	15016 15304
-5.00	15016 15370
-4.00	15024 10397
4.00	15024 11057
5.00	15024 11618
-14.00	15024 12264
4.00	15024 12478
-11.00	15024 13303
25.00	15024 13930
4.00	15024 14100
-16.00	15024 14843
-5.00	15027 13303
3.00	15027 14843
46.00	15041 14771
-13.00	15041 14869
	15048 13930
-4.00	15070 11697
-31.00	15096 10397
10.00	15096 11057
-15.00	15096 11618
18.00	15096 12478
-29.00	15096 13204
24.00	15096 13930
-14.00	15249 10397
-9.00	15249 11298
-14.00	15249 13303
66.00	15295 13930
-9.00	15304 10158
-7.00	15304 10257
6.00	15304 10397
8.00	15304 10423
12.00	15304 10529
21.00	15304 10599
-7.00	15304 10693
-9.00	15304 10721
3.00	15304 10792
51.00	15304 10821
-12.00	15304 10874
-3.00	15304 11042
0.00	15304 11057
8.00	15304 11066
25.00	15304 11259
4.00	15304 11278
17.00	15304 11292
1.00	15304 11298
-11.00	15304 11433
-1.00	15304 11618
-11.00	15304 11697
-12.00	15304 11721
-10.00	15304 12191
78.00	15304 12197
62.00	15304 12264
	15304 12266
4.00	15304 12339
-7.00	15304 12478
-4.00	15304 12889
94.00	15304 12898
166.00	15304 12953
0.00	15304 13198
-16.00	15304 13232
-11.00	15304 13244
-12.00	15304 13296
11.00	15304 13303
-13.00	15304 13342
26.00	15304 13487
-10.00	15304 13495
1.00	15304 13930
-17.00	15304 14100
-1.00	15304 14107
4.00	15304 14122
	15304 14307
-7.00	15304 14492
-12.00	15304 14576
-9.00	15304 14683
-1.00	15304 14747
-12.00	15304 14843
6.00	15304 15016
29.00	15304 15356
4.00	15323 10397
9.00	15356 10397
52.00	15356 11057
190.00	15356 11433
-17.00	15356 13204
316.00	15356 13487
132.00	15356 14027
-15.00	15356 14492
18.00	15356 15304
-5.00	15356 15497
-14.00	15370 10397
28.00	15370 11259
24.00	15370 11292
-12.00	15370 11298
7.00	15370 11433
-8.00	15370 11618
-12.00	15370 12191
-24.00	15370 12266
-30.00	15370 12889
5.00	15370 13930
-14.00	15370 14107
-15.00	15370 14869
32.00	15370 15016
-3.00	15376 10397
74.00	15376 11292
-23.00	15376 11298
19.00	15376 12266
-18.00	15376 12889
-24.00	15376 12892
9.00	15376 13232
5.00	15376 13487
-3.00	15376 13930
-13.00	15376 14057
-6.00	15376 14107
-10.00	15376 14679
-5.00	15376 14747
14.00	15376 14771
-3.00	15376 14869
-10.00	15380 13930
-7.00	15389 14869
-16.00	15401 11298
41.00	15411 11298
-11.00	15411 12266
-21.00	15412 10397
99.00	15412 11292
17.00	15412 11298
4.00	15412 12266
41.00	15412 12953
-2.00	15412 13930
-10.00	15497 12264
-14.00	15582 14869
90.00	15607 10397
-16.00	15624 10397
-18.00	15624 11298
-24.00	15624 12266
-3.00	15841 12819
-27.00	15841 14256
-3.00	15919 10397
25.00	15919 11298
12.00	15919 11618
-23.00	15919 12266
-11.00	15919 12953
-8.00	15919 13487
22.00	15919 13930
-28.00	15991 10926
-37.00	15991 12523
16.00	16218 14107
