-9.00	10135 10397
-15.00	10135 11433
6.00	10135 13930
-9.00	10136 11298
-3.00	10140 10397
-5.00	10140 10821
42.00	10140 11259
-3.00	10140 11292
16.00	10140 11298
1.00	10140 12191
29.00	10140 12266
-10.00	10140 12889
2.00	10140 12892
-8.00	10140 13198
9.00	10140 13232
24.00	10140 13487
-2.00	10140 13796
79.00	10140 13930
2.00	10140 14057
-12.00	10140 14107
-20.00	10140 14747
41.00	10140 14771
-13.00	10140 14869
-13.00	10141 13487
-4.00	10146 10397
-12.00	10155 11298
-12.00	10157 14771
-36.00	10158 11697
173.00	10158 13204
0.00	10158 13577
-13.00	10158 14027
-23.00	10158 14635
-6.00	10158 15304
-22.00	10170 10299
7.00	10185 10397
11.00	10185 11298
-25.00	10185 12266
9.00	10208 10397
6.00	10257 10397
-8.00	10257 10821
-21.00	10257 11057
-34.00	10257 11433
-11.00	10257 11697
-17.00	10257 13204
-6.00	10257 13232
0.00	10257 13930
-21.00	10257 15304
5.00	10268 13930
7.00	10279 11259
-6.00	10279 11292
-22.00	10279 11298
-7.00	10279 12266
-11.00	10299 10170
1.00	10299 10926
2.00	10299 11292
-21.00	10299 11630
-26.00	10299 12173
-14.00	10299 12523
-2.00	10299 13970
1.00	10299 14057
24.00	10299 14107
-7.00	10299 14709
-15.00	10299 14747
38.00	10299 14771
14.00	10333 11433
-23.00	10372 10397
-10.00	10372 11292
-13.00	10372 11298
47.00	10372 12266
68.00	10372 12892
109.00	10372 13487
-4.00	10372 13930
2.00	10372 14771
-11.00	10397 10135
126.00	10397 10140
-3.00	10397 10146
18.00	10397 10185
1.00	10397 10208
8.00	10397 10257
46.00	10397 10372
29.00	10397 10408
-12.00	10397 10423
0.00	10397 10431
-5.00	10397 10434
-18.00	10397 10469
-9.00	10397 10529
-13.00	10397 10599
36.00	10397 10685
-9.00	10397 10693
-19.00	10397 10721
1.00	10397 10731
-3.00	10397 10781
-17.00	10397 10785
-13.00	10397 10792
-26.00	10397 10821
12.00	10397 10849
48.00	10397 10868
16.00	10397 10874
-20.00	10397 10980
44.00	10397 10990
30.00	10397 10994
-17.00	10397 11003
-8.00	10397 11042
-14.00	10397 11057
3.00	10397 11066
29.00	10397 11109
1.00	10397 11146
63.00	10397 11150
-3.00	10397 11193
-16.00	10397 11252
129.00	10397 11259
-16.00	10397 11267
-18.00	10397 11278
-19.00	10397 11292
22.00	10397 11298
-3.00	10397 11308
-5.00	10397 11423
-2.00	10397 11433
-10.00	10397 11481
-10.00	10397 11540
101.00	10397 11612
	10397 11617
-24.00	10397 11618
-7.00	10397 11624
41.00	10397 11641
-6.00	10397 11697
1.00	10397 11721
12.00	10397 11775
-10.00	10397 11778
-16.00	10397 11953
-2.00	10397 11973
6.00	10397 11977
-18.00	10397 11982
-10.00	10397 11986
11.00	10397 11995
-4.00	10397 11996
-1.00	10397 12007
18.00	10397 12094
42.00	10397 12191
32.00	10397 12197
-13.00	10397 12217
-5.00	10397 12264
10.00	10397 12266
-10.00	10397 12278
-15.00	10397 12323
-12.00	10397 12339
-15.00	10397 12441
-14.00	10397 12448
-13.00	10397 12451
13.00	10397 12478
3.00	10397 12889
-12.00	10397 12892
-13.00	10397 12945
-22.00	10397 12951
-10.00	10397 12953
-4.00	10397 12992
-12.00	10397 13029
22.00	10397 13198
	10397 13204
-2.00	10397 13230
4.00	10397 13232
20.00	10397 13244
-2.00	10397 13277
-24.00	10397 13296
-3.00	10397 13303
-5.00	10397 13342
3.00	10397 13360
-13.00	10397 13367
-6.00	10397 13377
-1.00	10397 13422
-28.00	10397 13485
1.00	10397 13487
-16.00	10397 13495
-24.00	10397 13502
8.00	10397 13577
-9.00	10397 13795
23.00	10397 13796
-15.00	10397 13851
-8.00	10397 13871
4.00	10397 13930
-15.00	10397 13931
-17.00	10397 14027
-19.00	10397 14057
-6.00	10397 14098
0.00	10397 14100
-25.00	10397 14107
-18.00	10397 14108
19.00	10397 14122
-6.00	10397 14193
-18.00	10397 14307
-15.00	10397 14321
-6.00	10397 14492
-11.00	10397 14524
-15.00	10397 14574
-2.00	10397 14576
-15.00	10397 14633
-15.00	10397 14635
-45.00	10397 14679
-24.00	10397 14683
-6.00	10397 14685
11.00	10397 14696
3.00	10397 14730
-11.00	10397 14747
-30.00	10397 14771
5.00	10397 14783
-16.00	10397 14814
-17.00	10397 14831
-7.00	10397 14843
-10.00	10397 14869
-25.00	10397 14893
	10397 14908
-18.00	10397 14986
12.00	10397 15016
-17.00	10397 15024
-11.00	10397 15096
-1.00	10397 15249
11.00	10397 15304
-12.00	10397 15323
24.00	10397 15356
12.00	10397 15370
-24.00	10397 15376
-8.00	10397 15412
0.00	10397 15607
-15.00	10397 15624
6.00	10397 15919
-6.00	10408 10397
-19.00	10408 13487
3.00	10408 13930
19.00	10423 10397
33.00	10423 10693
7.00	10423 10721
-6.00	10423 10821
15.00	10423 11057
-10.00	10423 11259
-16.00	10423 11278
-4.00	10423 11292
-9.00	10423 11298
-12.00	10423 11540
7.00	10423 11618
-2.00	10423 11697
-8.00	10423 12191
-10.00	10423 12206
-22.00	10423 12266
7.00	10423 12478
11.00	10423 12889
-31.00	10423 12892
-26.00	10423 12954
-7.00	10423 13204
-5.00	10423 13232
-14.00	10423 13796
151.00	10423 13930
-9.00	10423 14107
12.00	10423 14679
-15.00	10423 14747
5.00	10423 14771
-9.00	10423 14831
1.00	10423 14869
-11.00	10431 10397
17.00	10431 13930
	10434 10397
122.00	10434 11433
11.00	10469 11433
25.00	10469 13930
	10529 10397
46.00	10529 10821
26.00	10529 11057
-12.00	10529 11278
-32.00	10529 11292
-12.00	10529 11298
-12.00	10529 11433
29.00	10529 11697
5.00	10529 12264
26.00	10529 13204
39.00	10529 13232
-16.00	10529 13303
9.00	10529 13487
-5.00	10529 13930
141.00	10529 14027
-12.00	10529 14492
-9.00	10529 14635
62.00	10529 14843
5.00	10529 15304
-20.00	10551 10299
17.00	10561 11292
7.00	10561 12266
4.00	10561 14107
10.00	10561 14771
-11.00	10599 10397
-11.00	10599 10821
14.00	10599 11259
2.00	10599 11292
68.00	10599 11298
3.00	10599 11433
-17.00	10599 12191
-3.00	10599 12266
-11.00	10599 12889
-11.00	10599 12953
-9.00	10599 13204
-12.00	10599 13232
23.00	10599 13303
66.00	10599 13930
-17.00	10599 15304
-15.00	10620 11292
-10.00	10620 14869
208.00	10627 11292
3.00	10627 11298
0.00	10627 13487
-12.00	10627 13930
-7.00	10631 13487
1.00	10685 10397
-5.00	10685 11298
7.00	10685 13204
27.00	10685 13487
5.00	10685 13930
3.00	10693 10397
87.00	10693 10423
31.00	10693 10821
2.00	10693 10994
-7.00	10693 11042
35.00	10693 11057
-7.00	10693 11066
7.00	10693 11193
-14.00	10693 11278
25.00	10693 11292
12.00	10693 11298
-8.00	10693 11433
20.00	10693 11618
-12.00	10693 11697
-25.00	10693 12191
-17.00	10693 12264
59.00	10693 12266
95.00	10693 12451
-12.00	10693 12478
-4.00	10693 12889
-10.00	10693 12892
20.00	10693 12953
-5.00	10693 13198
-8.00	10693 13204
85.00	10693 13232
90.00	10693 13487
-21.00	10693 13495
0.00	10693 13930
2.00	10693 14100
-10.00	10693 14107
5.00	10693 14122
-9.00	10693 14492
30.00	10693 14635
-15.00	10693 14679
-31.00	10693 14683
-8.00	10693 14869
-8.00	10693 15016
-8.00	10693 15304
-16.00	10713 11292
-6.00	10713 11884
38.00	10713 12889
	10713 12892
-4.00	10713 13487
2.00	10713 13930
-14.00	10713 14107
-10.00	10713 14679
59.00	10713 14771
53.00	10713 14869
134.00	10721 10397
58.00	10721 10423
-26.00	10721 10693
-27.00	10721 10792
-17.00	10721 10821
	10721 10994
19.00	10721 11042
17.00	10721 11057
24.00	10721 11278
25.00	10721 11292
1.00	10721 11298
-12.00	10721 11433
	10721 11618
13.00	10721 11697
11.00	10721 12191
-5.00	10721 12264
42.00	10721 12266
	10721 12451
79.00	10721 12478
-15.00	10721 12889
-25.00	10721 12892
	10721 12953
1.00	10721 12954
-38.00	10721 13198
-22.00	10721 13204
17.00	10721 13232
-1.00	10721 13303
-5.00	10721 13487
-8.00	10721 13577
-12.00	10721 13930
-21.00	10721 14027
25.00	10721 14057
-27.00	10721 14100
-45.00	10721 14107
-6.00	10721 14122
68.00	10721 14492
63.00	10721 14524
-12.00	10721 14635
26.00	10721 14679
-1.00	10721 14685
-29.00	10721 14747
-6.00	10721 14771
14.00	10721 14831
-18.00	10721 14843
-2.00	10721 14869
-24.00	10721 14986
33.00	10721 15016
37.00	10721 15024
108.00	10721 15304
16.00	10728 11298
-2.00	10731 10397
7.00	10732 11618
-4.00	10732 12478
8.00	10732 13204
-13.00	10739 13487
-13.00	10747 11298
1.00	10747 12266
-4.00	10754 10299
-15.00	10754 14709
-30.00	10779 14869
-14.00	10781 10397
-5.00	10781 11298
-8.00	10781 12266
-5.00	10785 11433
-15.00	10785 12478
62.00	10785 13930
-19.00	10792 10397
	10792 10721
-12.00	10792 10821
-8.00	10792 11057
43.00	10792 11433
-5.00	10792 11618
-16.00	10792 11697
-11.00	10792 12264
-21.00	10792 12478
38.00	10792 13204
-21.00	10792 13232
7.00	10792 13930
-14.00	10792 14107
26.00	10792 15304
-15.00	10800 11292
-14.00	10800 12478
-8.00	10800 12889
-13.00	10800 13796
-20.00	10800 14057
-3.00	10800 14107
-6.00	10800 14747
-12.00	10800 14771
	10800 14831
-18.00	10800 14869
86.00	10800 14893
-14.00	10821 10140
-12.00	10821 10257
-10.00	10821 10397
-28.00	10821 10423
205.00	10821 10529
2.00	10821 10599
-13.00	10821 10693
-10.00	10821 10721
-8.00	10821 10792
-4.00	10821 10994
-16.00	10821 11042
-7.00	10821 11057
-6.00	10821 11066
-31.00	10821 11259
14.00	10821 11267
-13.00	10821 11292
48.00	10821 11298
1.00	10821 11433
-9.00	10821 11697
-18.00	10821 11721
-14.00	10821 11986
3.00	10821 11996
2.00	10821 12191
67.00	10821 12266
	10821 12339
-13.00	10821 12391
64.00	10821 12451
13.00	10821 12478
-21.00	10821 12889
-31.00	10821 12892
12.00	10821 12992
-9.00	10821 13198
21.00	10821 13204
59.00	10821 13232
-34.00	10821 13244
7.00	10821 13296
-26.00	10821 13303
-7.00	10821 13342
-23.00	10821 13487
-18.00	10821 13495
95.00	10821 13851
	10821 13930
24.00	10821 13931
8.00	10821 14027
-34.00	10821 14100
-28.00	10821 14107
-3.00	10821 14122
-9.00	10821 14307
16.00	10821 14321
-15.00	10821 14492
53.00	10821 14576
-11.00	10821 14635
37.00	10821 14679
46.00	10821 14683
-5.00	10821 14730
-19.00	10821 14747
63.00	10821 14771
-6.00	10821 14843
1.00	10821 14869
	10821 15016
-7.00	10821 15304
17.00	10849 11292
75.00	10849 12266
-12.00	10849 14869
10.00	10868 10397
	10868 11298
104.00	10868 12264
-18.00	10868 12266
	10868 12953
2.00	10868 13930
-4.00	10874 10397
-17.00	10874 10721
3.00	10874 11278
-8.00	10874 11292
-6.00	10874 11433
-2.00	10874 12953
16.00	10874 13930
-9.00	10874 14635
-23.00	10918 14869
-24.00	10926 15991
-15.00	10930 14771
-5.00	10980 10397
-10.00	10980 11298
-1.00	10980 11433
10.00	10980 13930
-17.00	10990 10397
	10990 12953
81.00	10990 13930
-16.00	10994 10397
24.00	10994 10693
92.00	10994 10721
-7.00	10994 10821
-25.00	10994 11057
-12.00	10994 11278
-7.00	10994 11298
-15.00	10994 11618
-28.00	10994 12191
-5.00	10994 12266
168.00	10994 12478
-15.00	10994 12953
-6.00	10994 13232
-32.00	10994 13303
	10994 13930
-16.00	11003 10397
79.00	11003 11292
0.00	11003 11298
105.00	11003 11433
1.00	11003 13487
	11003 13930
-17.00	11013 11433
-8.00	11041 12892
-11.00	11042 10397
	11042 10721
23.00	11042 10821
50.00	11042 11057
-16.00	11042 11278
-23.00	11042 11292
-35.00	11042 11298
0.00	11042 11433
-11.00	11042 11618
-13.00	11042 11697
89.00	11042 12264
-15.00	11042 12266
-23.00	11042 12478
3.00	11042 12889
-32.00	11042 12892
-12.00	11042 12953
-9.00	11042 13204
-24.00	11042 13232
31.00	11042 13342
-17.00	11042 13487
5.00	11042 13930
-1.00	11042 14107
4.00	11042 14492
-26.00	11042 14635
-19.00	11042 14771
10.00	11042 15016
12.00	11042 15304
-19.00	11049 11298
13.00	11049 12266
15.00	11057 10257
12.00	11057 10397
-7.00	11057 10423
-10.00	11057 10529
-8.00	11057 10693
5.00	11057 10721
5.00	11057 10821
-5.00	11057 11042
12.00	11057 11193
-19.00	11057 11278
-5.00	11057 11292
-8.00	11057 11298
0.00	11057 11433
-24.00	11057 11618
-15.00	11057 11697
-19.00	11057 12191
-5.00	11057 12266
-17.00	11057 12339
-22.00	11057 12451
-7.00	11057 12478
-1.00	11057 12889
-8.00	11057 12892
46.00	11057 12953
-2.00	11057 13198
67.00	11057 13204
41.00	11057 13230
44.00	11057 13232
-5.00	11057 13244
1.00	11057 13303
-8.00	11057 13487
-1.00	11057 13495
-2.00	11057 13930
-3.00	11057 13931
-12.00	11057 14027
4.00	11057 14057
49.00	11057 14100
-18.00	11057 14107
0.00	11057 14122
-7.00	11057 14307
-16.00	11057 14321
-9.00	11057 14492
-15.00	11057 14524
0.00	11057 14576
-13.00	11057 14635
39.00	11057 14679
23.00	11057 14683
-8.00	11057 14747
0.00	11057 14771
0.00	11057 14843
-23.00	11057 14869
-11.00	11057 15016
-17.00	11057 15024
4.00	11057 15096
8.00	11057 15304
18.00	11057 15356
-26.00	11066 10397
87.00	11066 10693
-1.00	11066 10821
-2.00	11066 11057
38.00	11066 11292
-16.00	11066 11298
4.00	11066 11618
-31.00	11066 11697
-17.00	11066 12266
126.00	11066 12478
-37.00	11066 12889
-10.00	11066 12892
-21.00	11066 12953
1.00	11066 13204
-21.00	11066 13232
30.00	11066 13303
13.00	11066 13487
-2.00	11066 13930
-46.00	11066 14107
-29.00	11066 14635
-13.00	11066 15016
-11.00	11066 15304
17.00	11067 11298
	11067 13930
128.00	11076 13930
-34.00	11092 14869
-24.00	11097 14869
0.00	11109 10397
3.00	11109 11292
73.00	11109 11298
-4.00	11109 12266
-10.00	11109 12892
14.00	11109 13930
531.00	11109 14747
10.00	11109 14869
-30.00	11111 11298
120.00	11111 13930
38.00	11122 11292
-4.00	11122 14869
3.00	11140 11298
-9.00	11140 12191
-7.00	11140 12266
-4.00	11146 10397
235.00	11146 11298
25.00	11146 13930
-6.00	11150 10397
-9.00	11193 10397
-15.00	11193 10693
	11193 10721
-6.00	11193 11057
42.00	11193 11292
-14.00	11193 11298
43.00	11193 11618
-16.00	11193 11697
-16.00	11193 11986
14.00	11193 12266
-7.00	11193 12889
-17.00	11193 12892
-33.00	11193 12953
12.00	11193 13204
-17.00	11193 13303
84.00	11193 13342
40.00	11193 13485
-11.00	11193 13487
-3.00	11193 13930
7.00	11193 14107
-32.00	11193 14635
-30.00	11193 14869
-12.00	11193 15016
-19.00	11193 15304
17.00	11203 13930
-13.00	11252 10397
-4.00	11259 10140
-6.00	11259 10279
39.00	11259 10397
6.00	11259 10423
1.00	11259 10599
-4.00	11259 10693
-5.00	11259 10821
-9.00	11259 11278
-17.00	11259 11292
-4.00	11259 11540
-9.00	11259 11697
-11.00	11259 12191
-10.00	11259 12266
12.00	11259 12278
113.00	11259 12889
-25.00	11259 12892
17.00	11259 12896
103.00	11259 12953
45.00	11259 12992
43.00	11259 13158
0.00	11259 13198
6.00	11259 13204
41.00	11259 13232
21.00	11259 13495
-27.00	11259 13796
64.00	11259 13851
-9.00	11259 14107
-21.00	11259 14679
3.00	11259 14683
	11259 14771
-23.00	11259 14908
-9.00	11259 15016
-4.00	11259 15304
-19.00	11259 15370
6.00	11267 10397
	11267 10821
-14.00	11267 11292
-38.00	11267 11298
18.00	11267 11433
-11.00	11267 11618
-12.00	11267 12953
-15.00	11267 13204
14.00	11267 13487
95.00	11267 13930
38.00	11274 13930
16.00	11278 10397
34.00	11278 10529
-15.00	11278 10693
-4.00	11278 10721
-17.00	11278 10874
-11.00	11278 10994
-12.00	11278 11042
43.00	11278 11057
-42.00	11278 11259
-5.00	11278 11292
-27.00	11278 11298
-11.00	11278 11433
-16.00	11278 11618
-18.00	11278 11697
1.00	11278 12191
-13.00	11278 12266
0.00	11278 12339
-9.00	11278 12451
0.00	11278 12478
-40.00	11278 12889
-36.00	11278 12892
-16.00	11278 12953
-16.00	11278 13198
5.00	11278 13204
-14.00	11278 13232
22.00	11278 13303
-20.00	11278 13342
-21.00	11278 13487
4.00	11278 13930
-13.00	11278 14027
55.00	11278 14057
70.00	11278 14100
-8.00	11278 14107
-20.00	11278 14635
-29.00	11278 14747
-56.00	11278 14771
27.00	11278 14843
	11278 15016
-28.00	11278 15304
35.00	11292 10140
21.00	11292 10279
41.00	11292 10299
41.00	11292 10372
-13.00	11292 10397
-9.00	11292 10423
10.00	11292 10529
30.00	11292 10561
-30.00	11292 10599
5.00	11292 10620
-2.00	11292 10627
47.00	11292 10693
12.00	11292 10713
13.00	11292 10721
11.00	11292 10800
-4.00	11292 10821
20.00	11292 10849
-5.00	11292 10874
-16.00	11292 11003
-3.00	11292 11042
-22.00	11292 11057
32.00	11292 11066
2.00	11292 11097
13.00	11292 11109
-6.00	11292 11122
107.00	11292 11193
6.00	11292 11259
-2.00	11292 11267
9.00	11292 11278
84.00	11292 11298
175.00	11292 11315
122.00	11292 11413
-6.00	11292 11423
9.00	11292 11433
124.00	11292 11503
35.00	11292 11540
5.00	11292 11603
-13.00	11292 11618
-15.00	11292 11637
46.00	11292 11638
31.00	11292 11648
-12.00	11292 11697
-3.00	11292 11775
56.00	11292 11865
-15.00	11292 11884
-11.00	11292 11921
-6.00	11292 11995
89.00	11292 12003
154.00	11292 12012
28.00	11292 12156
10.00	11292 12173
-14.00	11292 12191
19.00	11292 12217
-1.00	11292 12255
-3.00	11292 12264
18.00	11292 12266
-12.00	11292 12278
3.00	11292 12280
11.00	11292 12339
2.00	11292 12389
4.00	11292 12441
-13.00	11292 12451
84.00	11292 12478
72.00	11292 12519
-33.00	11292 12758
49.00	11292 12888
-8.00	11292 12889
-4.00	11292 12892
25.00	11292 12896
-1.00	11292 12951
8.00	11292 12953
5.00	11292 12982
-12.00	11292 12992
3.00	11292 13029
70.00	11292 13158
10.00	11292 13198
36.00	11292 13204
-18.00	11292 13232
-3.00	11292 13244
-35.00	11292 13264
-12.00	11292 13303
-11.00	11292 13342
-8.00	11292 13367
	11292 13433
9.00	11292 13485
-24.00	11292 13487
-11.00	11292 13495
-10.00	11292 13502
-9.00	11292 13796
-13.00	11292 13830
32.00	11292 13851
-3.00	11292 13871
-5.00	11292 13891
27.00	11292 13930
-7.00	11292 14057
25.00	11292 14100
-10.00	11292 14107
-18.00	11292 14122
55.00	11292 14252
31.00	11292 14262
-9.00	11292 14288
15.00	11292 14457
14.00	11292 14489
9.00	11292 14492
-21.00	11292 14543
-33.00	11292 14570
-17.00	11292 14635
	11292 14674
-19.00	11292 14679
3.00	11292 14683
-26.00	11292 14689
23.00	11292 14730
13.00	11292 14747
-8.00	11292 14771
5.00	11292 14783
27.00	11292 14794
-10.00	11292 14814
-13.00	11292 14831
8.00	11292 14869
-9.00	11292 14893
-2.00	11292 14908
11.00	11292 15016
13.00	11292 15041
16.00	11292 15304
	11292 15370
80.00	11292 15376
-6.00	11292 15412
-14.00	11292 15919
10.00	11298 10136
15.00	11298 10140
-4.00	11298 10155
-5.00	11298 10185
-6.00	11298 10279
45.00	11298 10372
-21.00	11298 10397
-5.00	11298 10423
28.00	11298 10529
-6.00	11298 10599
	11298 10685
6.00	11298 10693
23.00	11298 10721
17.00	11298 10728
-10.00	11298 10747
-5.00	11298 10781
-11.00	11298 10821
41.00	11298 10868
-1.00	11298 10980
31.00	11298 10994
93.00	11298 11003
118.00	11298 11042
-9.00	11298 11049
-1.00	11298 11057
-10.00	11298 11066
34.00	11298 11109
-10.00	11298 11111
5.00	11298 11140
12.00	11298 11146
8.00	11298 11193
-20.00	11298 11267
-3.00	11298 11278
-8.00	11298 11292
24.00	11298 11413
8.00	11298 11423
-11.00	11298 11433
18.00	11298 11503
-3.00	11298 11540
-2.00	11298 11618
-14.00	11298 11637
45.00	11298 11638
15.00	11298 11697
-12.00	11298 11775
-9.00	11298 11778
71.00	11298 11823
-3.00	11298 11867
-7.00	11298 11905
-5.00	11298 11921
-1.00	11298 11973
5.00	11298 11980
-7.00	11298 11982
95.00	11298 11986
1.00	11298 11995
5.00	11298 11996
-15.00	11298 12012
0.00	11298 12094
1.00	11298 12173
83.00	11298 12191
3.00	11298 12217
-6.00	11298 12264
-16.00	11298 12266
-2.00	11298 12278
-10.00	11298 12339
28.00	11298 12441
93.00	11298 12448
-11.00	11298 12451
10.00	11298 12478
12.00	11298 12511
-22.00	11298 12889
-4.00	11298 12891
3.00	11298 12892
3.00	11298 12896
7.00	11298 12915
24.00	11298 12945
15.00	11298 12951
-9.00	11298 12953
-11.00	11298 12992
20.00	11298 13061
10.00	11298 13158
23.00	11298 13198
20.00	11298 13204
-9.00	11298 13241
-7.00	11298 13244
-19.00	11298 13256
-5.00	11298 13277
4.00	11298 13290
20.00	11298 13303
-18.00	11298 13342
13.00	11298 13367
7.00	11298 13377
16.00	11298 13422
-4.00	11298 13485
-14.00	11298 13487
-2.00	11298 13495
38.00	11298 13502
-14.00	11298 13796
-9.00	11298 13830
5.00	11298 13851
-8.00	11298 13871
33.00	11298 13891
13.00	11298 13930
8.00	11298 13931
-1.00	11298 14027
	11298 14057
1.00	11298 14100
-7.00	11298 14107
30.00	11298 14108
3.00	11298 14122
-11.00	11298 14193
-19.00	11298 14262
108.00	11298 14457
-13.00	11298 14492
3.00	11298 14524
10.00	11298 14570
2.00	11298 14588
-20.00	11298 14635
36.00	11298 14674
1.00	11298 14679
-5.00	11298 14683
19.00	11298 14685
-18.00	11298 14747
-4.00	11298 14771
-4.00	11298 14783
63.00	11298 14814
-18.00	11298 14831
-5.00	11298 14842
70.00	11298 14843
-19.00	11298 14869
-18.00	11298 14893
-1.00	11298 14908
-8.00	11298 14960
-11.00	11298 15016
4.00	11298 15249
0.00	11298 15304
-8.00	11298 15370
13.00	11298 15376
	11298 15401
56.00	11298 15411
-1.00	11298 15412
-15.00	11298 15624
-8.00	11298 15919
-4.00	11308 10397
-16.00	11315 11292
-29.00	11315 13487
-16.00	11337 13487
3.00	11337 13930
112.00	11413 11292
-12.00	11413 11298
2.00	11413 14107
-27.00	11423 10397
9.00	11423 11292
	11423 11298
-30.00	11423 12266
-1.00	11423 13232
0.00	11423 13487
26.00	11423 13930
-19.00	11423 14869
-28.00	11433 10135
-20.00	11433 10333
-19.00	11433 10397
-30.00	11433 10408
-35.00	11433 10423
-9.00	11433 10434
21.00	11433 10469
17.00	11433 10529
-18.00	11433 10599
8.00	11433 10693
-21.00	11433 10721
5.00	11433 10785
96.00	11433 10792
41.00	11433 10821
-28.00	11433 10874
32.00	11433 10980
-5.00	11433 11003
11.00	11433 11013
-17.00	11433 11042
-11.00	11433 11057
-9.00	11433 11066
32.00	11433 11267
33.00	11433 11278
-33.00	11433 11292
-27.00	11433 11298
3.00	11433 11423
-3.00	11433 11537
5.00	11433 11577
-13.00	11433 11612
-21.00	11433 11618
-19.00	11433 11697
37.00	11433 11986
-20.00	11433 11995
-28.00	11433 11996
-19.00	11433 12197
-11.00	11433 12217
-11.00	11433 12264
-16.00	11433 12266
-10.00	11433 12339
-10.00	11433 12451
-28.00	11433 12478
-21.00	11433 12884
4.00	11433 12889
29.00	11433 12892
-5.00	11433 12945
24.00	11433 12953
125.00	11433 12992
8.00	11433 13184
165.00	11433 13198
-1.00	11433 13204
-7.00	11433 13230
0.00	11433 13232
-16.00	11433 13303
88.00	11433 13342
23.00	11433 13485
-27.00	11433 13487
-12.00	11433 13495
41.00	11433 13851
-29.00	11433 13871
-25.00	11433 13930
8.00	11433 13931
-53.00	11433 14027
-8.00	11433 14100
-9.00	11433 14107
217.00	11433 14108
-24.00	11433 14122
-15.00	11433 14150
-2.00	11433 14307
-12.00	11433 14492
1.00	11433 14524
109.00	11433 14576
-8.00	11433 14635
-56.00	11433 14679
-14.00	11433 14683
-18.00	11433 14696
-12.00	11433 14747
-8.00	11433 14771
54.00	11433 14869
-13.00	11433 15016
-5.00	11433 15304
-14.00	11433 15370
223.00	11433 15380
59.00	11447 11292
	11447 12519
-29.00	11471 13930
-22.00	11481 10397
-1.00	11481 10693
-6.00	11481 10821
-8.00	11481 12191
-25.00	11503 10397
-12.00	11503 11298
30.00	11503 11618
19.00	11503 12266
-27.00	11503 12478
-26.00	11503 12892
8.00	11503 13303
-1.00	11525 14869
5.00	11537 11433
-12.00	11537 13930
-17.00	11540 10397
-14.00	11540 10423
14.00	11540 11259
-22.00	11540 11292
-2.00	11540 11298
1.00	11540 12191
-21.00	11540 12266
26.00	11540 12889
-13.00	11540 12892
50.00	11540 13930
-1.00	11540 14107
-10.00	11540 14683
-6.00	11577 11433
135.00	11577 13930
514.00	11587 11433
	11603 11292
-9.00	11603 12892
40.00	11603 14771
-17.00	11603 14869
9.00	11612 10397
-11.00	11612 11298
-15.00	11612 11433
149.00	11612 13930
-1.00	11617 10397
42.00	11618 10397
-8.00	11618 10423
42.00	11618 10693
	11618 10721
3.00	11618 10732
-15.00	11618 10785
0.00	11618 10792
-5.00	11618 10994
19.00	11618 11042
-3.00	11618 11057
-7.00	11618 11066
	11618 11193
4.00	11618 11267
	11618 11278
12.00	11618 11292
87.00	11618 11298
21.00	11618 11423
-12.00	11618 11433
-1.00	11618 11503
-12.00	11618 11697
-1.00	11618 11986
14.00	11618 11995
-7.00	11618 11996
34.00	11618 12173
-6.00	11618 12191
33.00	11618 12264
2.00	11618 12266
-6.00	11618 12339
5.00	11618 12451
-37.00	11618 12889
-25.00	11618 12892
-38.00	11618 13198
-13.00	11618 13204
	11618 13232
11.00	11618 13244
	11618 13296
34.00	11618 13303
-6.00	11618 13342
11.00	11618 13485
	11618 13487
-22.00	11618 13495
-3.00	11618 13502
33.00	11618 13871
124.00	11618 13930
-4.00	11618 13931
13.00	11618 14027
	11618 14057
-12.00	11618 14107
5.00	11618 14122
70.00	11618 14307
-4.00	11618 14524
5.00	11618 14576
-19.00	11618 14635
-16.00	11618 14679
18.00	11618 14683
28.00	11618 14696
113.00	11618 14730
-20.00	11618 14747
	11618 14771
31.00	11618 14843
-26.00	11618 14869
-7.00	11618 15016
-27.00	11618 15024
-21.00	11618 15096
21.00	11618 15304
-12.00	11618 15919
-13.00	11624 10397
-15.00	11624 13303
-7.00	11630 10299
-7.00	11630 14747
	11637 11292
-4.00	11637 13487
	11637 13930
5.00	11637 14869
5.00	11638 11292
6.00	11638 11298
4.00	11638 12892
-14.00	11638 14107
	11638 14747
9.00	11638 14771
-5.00	11638 14869
-18.00	11641 10397
7.00	11648 11292
-9.00	11648 13487
40.00	11648 13930
165.00	11648 14869
-13.00	11695 14107
147.00	11697 10158
-7.00	11697 10397
-3.00	11697 10423
10.00	11697 10529
-13.00	11697 10693
-16.00	11697 10721
36.00	11697 10792
-5.00	11697 10821
-25.00	11697 11042
-6.00	11697 11057
-14.00	11697 11066
-17.00	11697 11193
-29.00	11697 11259
10.00	11697 11278
-18.00	11697 11292
-8.00	11697 11298
-13.00	11697 11433
-5.00	11697 11618
-25.00	11697 12191
-12.00	11697 12197
19.00	11697 12264
26.00	11697 12265
6.00	11697 12266
-11.00	11697 12339
-11.00	11697 12391
2.00	11697 12451
9.00	11697 12478
-30.00	11697 12889
30.00	11697 12892
2.00	11697 12898
30.00	11697 12953
-8.00	11697 13204
-3.00	11697 13232
8.00	11697 13487
-15.00	11697 13495
78.00	11697 13577
-10.00	11697 13930
-1.00	11697 13933
13.00	11697 14025
8.00	11697 14100
-8.00	11697 14107
72.00	11697 14122
22.00	11697 14307
6.00	11697 14492
52.00	11697 14524
7.00	11697 14747
-6.00	11697 14771
-17.00	11697 14843
-2.00	11697 15016
4.00	11697 15024
-6.00	11697 15070
-17.00	11697 15304
44.00	11697 15356
-13.00	11721 10397
-18.00	11721 10821
-39.00	11721 12889
-3.00	11721 13487
6.00	11721 13930
-3.00	11775 10397
6.00	11775 11292
3.00	11775 11298
9.00	11775 13487
-13.00	11775 13930
-8.00	11778 10397
38.00	11778 11298
-6.00	11823 10397
	11823 11298
10.00	11823 11433
	11823 13930
-39.00	11865 11292
-14.00	11865 14543
-14.00	11865 14869
7.00	11867 11298
-2.00	11884 10713
-21.00	11884 11292
8.00	11884 12889
	11884 12892
-4.00	11884 13487
29.00	11884 13796
-21.00	11884 14107
61.00	11884 14747
-3.00	11884 14869
-1.00	11898 13487
17.00	11905 11298
30.00	11921 11292
-13.00	11921 11298
-7.00	11921 14107
-8.00	11921 14869
78.00	11953 10397
-9.00	11953 13303
-1.00	11973 10397
-22.00	11973 11298
-6.00	11973 12266
-30.00	11977 10397
-13.00	11977 13487
-10.00	11977 13930
30.00	11980 11298
0.00	11982 10397
-17.00	11982 11298
-11.00	11982 12266
-30.00	11986 10397
-9.00	11986 10821
-24.00	11986 11193
-36.00	11986 11292
3.00	11986 11298
28.00	11986 11433
-6.00	11986 11618
14.00	11986 12266
-37.00	11986 13204
-2.00	11986 13487
-1.00	11986 13930
-40.00	11986 14635
-28.00	11986 15016
-24.00	11995 10397
-29.00	11995 11298
-24.00	11995 11433
29.00	11995 11618
-5.00	11995 12264
-25.00	11995 12953
9.00	11995 13930
-13.00	11996 10397
-4.00	11996 10821
-13.00	11996 11298
-26.00	11996 11433
6.00	11996 11618
3.00	11996 12266
43.00	11996 13232
14.00	11996 13930
7.00	12003 11292
50.00	12003 14869
21.00	12007 10397
64.00	12012 11292
-25.00	12012 11298
-19.00	12016 12173
-2.00	12094 10397
158.00	12094 11292
-19.00	12094 11298
87.00	12094 11618
-28.00	12094 12264
-37.00	12094 12266
-26.00	12094 12892
-6.00	12094 14771
-32.00	12129 12343
-3.00	12129 13487
-40.00	12156 11292
-8.00	12156 14869
-24.00	12173 10397
-1.00	12173 11292
7.00	12173 11298
-33.00	12173 11618
4.00	12173 12016
9.00	12173 12266
-1.00	12173 12402
-20.00	12173 12478
-3.00	12173 12758
-15.00	12173 12889
-2.00	12173 12892
28.00	12173 12982
3.00	12173 13796
2.00	12173 13830
-15.00	12173 13930
2.00	12173 14057
-2.00	12173 14107
-27.00	12173 14222
27.00	12173 14679
12.00	12173 14747
-22.00	12173 14771
16.00	12173 14831
-13.00	12177 12266
7.00	12191 10140
-6.00	12191 10397
-7.00	12191 10423
2.00	12191 10693
-24.00	12191 10721
	12191 10821
14.00	12191 11057
-1.00	12191 11140
-3.00	12191 11259
-6.00	12191 11278
-16.00	12191 11292
-5.00	12191 11298
-5.00	12191 11481
23.00	12191 11540
-20.00	12191 11618
9.00	12191 11697
58.00	12191 11996
-22.00	12191 12206
-18.00	12191 12339
2.00	12191 12451
-1.00	12191 12478
-22.00	12191 12889
-5.00	12191 12892
42.00	12191 12953
-5.00	12191 13158
41.00	12191 13204
33.00	12191 13232
-6.00	12191 13244
44.00	12191 13495
-6.00	12191 13796
37.00	12191 13851
-10.00	12191 14107
13.00	12191 14492
-21.00	12191 14679
7.00	12191 14683
-23.00	12191 14908
-4.00	12191 15016
-6.00	12191 15304
-14.00	12191 15370
9.00	12197 10397
114.00	12197 11433
11.00	12197 11697
-4.00	12197 13204
37.00	12197 13930
31.00	12197 14027
18.00	12197 15304
-21.00	12206 10423
1.00	12206 12191
-19.00	12206 12266
59.00	12217 10397
-19.00	12217 11292
30.00	12217 11298
-9.00	12217 11433
-5.00	12217 12266
-27.00	12217 13930
0.00	12255 11292
-32.00	12264 10397
4.00	12264 10529
-7.00	12264 10721
119.00	12264 10868
54.00	12264 11042
89.00	12264 11066
57.00	12264 11292
-21.00	12264 11298
-18.00	12264 11433
-8.00	12264 11618
6.00	12264 11995
-2.00	12264 12266
8.00	12264 12339
1.00	12264 12478
-45.00	12264 12889
83.00	12264 12892
-4.00	12264 12953
-21.00	12264 13204
22.00	12264 13232
45.00	12264 13487
35.00	12264 13851
10.00	12264 13930
-4.00	12264 13931
-14.00	12264 14027
-8.00	12264 14122
95.00	12264 14307
-10.00	12264 14524
-17.00	12264 14576
6.00	12264 14679
-18.00	12264 14685
13.00	12264 14747
-10.00	12264 14771
1.00	12264 15024
-14.00	12264 15304
6.00	12265 11697
-21.00	12266 10140
-6.00	12266 10185
-27.00	12266 10279
-25.00	12266 10372
-14.00	12266 10397
-18.00	12266 10423
14.00	12266 10561
-14.00	12266 10599
5.00	12266 10693
14.00	12266 10713
-11.00	12266 10721
-2.00	12266 10747
-9.00	12266 10781
-20.00	12266 10821
11.00	12266 10868
11.00	12266 10994
13.00	12266 11042
-11.00	12266 11049
-4.00	12266 11057
-17.00	12266 11066
-10.00	12266 11109
26.00	12266 11140
1.00	12266 11146
30.00	12266 11193
95.00	12266 11259
-3.00	12266 11278
4.00	12266 11292
10.00	12266 11298
22.00	12266 11423
17.00	12266 11433
3.00	12266 11503
-19.00	12266 11540
52.00	12266 11618
18.00	12266 11697
-2.00	12266 11973
-14.00	12266 11982
53.00	12266 11986
-1.00	12266 11996
5.00	12266 12177
-1.00	12266 12206
15.00	12266 12217
32.00	12266 12264
12.00	12266 12278
2.00	12266 12339
-4.00	12266 12441
-6.00	12266 12448
16.00	12266 12451
-5.00	12266 12889
-9.00	12266 12892
76.00	12266 12896
-11.00	12266 12915
-7.00	12266 12945
-4.00	12266 12951
24.00	12266 12953
-13.00	12266 12992
-7.00	12266 13061
-15.00	12266 13158
-1.00	12266 13198
-16.00	12266 13204
-10.00	12266 13244
4.00	12266 13256
3.00	12266 13303
8.00	12266 13342
-5.00	12266 13377
-18.00	12266 13422
19.00	12266 13487
-9.00	12266 13495
38.00	12266 13502
5.00	12266 13851
-11.00	12266 13871
-18.00	12266 13891
57.00	12266 13930
5.00	12266 13931
28.00	12266 14027
7.00	12266 14057
119.00	12266 14100
-21.00	12266 14107
1.00	12266 14193
-46.00	12266 14262
-1.00	12266 14492
-7.00	12266 14524
11.00	12266 14635
3.00	12266 14679
-19.00	12266 14683
-6.00	12266 14685
-3.00	12266 14730
21.00	12266 14747
24.00	12266 14771
-12.00	12266 14814
-16.00	12266 14843
-7.00	12266 14869
14.00	12266 14893
-24.00	12266 14908
-11.00	12266 15016
28.00	12266 15304
6.00	12266 15370
2.00	12266 15376
-14.00	12266 15411
20.00	12266 15412
-24.00	12266 15624
2.00	12266 15919
-10.00	12278 10397
8.00	12278 11259
38.00	12278 11292
-8.00	12278 11298
-17.00	12278 12266
-4.00	12278 12889
-25.00	12278 12892
-24.00	12278 13232
-10.00	12278 13487
-14.00	12278 13930
23.00	12280 11292
-25.00	12280 14869
28.00	12320 13204
-33.00	12320 15304
-12.00	12323 10397
-9.00	12335 13487
7.00	12335 14520
-32.00	12339 10397
-12.00	12339 10821
-3.00	12339 11057
-17.00	12339 11278
70.00	12339 11292
-20.00	12339 11298
-7.00	12339 11433
-1.00	12339 11618
-4.00	12339 11697
-40.00	12339 12191
-17.00	12339 12264
-15.00	12339 12266
-22.00	12339 12478
-18.00	12339 12889
-12.00	12339 12892
-11.00	12339 13198
-5.00	12339 13204
-23.00	12339 13487
-17.00	12339 13930
7.00	12339 14107
24.00	12339 14635
-16.00	12339 15304
-24.00	12343 12129
136.00	12343 13487
29.00	12389 11292
34.00	12389 12266
2.00	12389 13487
-15.00	12391 10821
-21.00	12391 11697
-8.00	12391 13204
-10.00	12391 14027
85.00	12391 15304
4.00	12402 12173
-1.00	12402 13830
-10.00	12441 11292
-7.00	12441 12892
107.00	12441 13487
-13.00	12441 14771
-20.00	12441 14869
26.00	12448 10397
-19.00	12448 11298
6.00	12448 12266
-9.00	12448 13930
9.00	12451 10397
-10.00	12451 10693
77.00	12451 10721
18.00	12451 10821
-5.00	12451 11057
-16.00	12451 11278
-17.00	12451 11292
-28.00	12451 11298
44.00	12451 11433
-4.00	12451 11618
-8.00	12451 11697
-9.00	12451 12191
8.00	12451 12266
20.00	12451 12478
-10.00	12451 13232
4.00	12451 13487
6.00	12451 13930
2.00	12451 14100
-2.00	12478 10140
-8.00	12478 10397
-19.00	12478 10423
	12478 10693
65.00	12478 10721
	12478 10732
-2.00	12478 10785
-13.00	12478 10792
22.00	12478 10800
29.00	12478 10821
4.00	12478 10994
14.00	12478 11042
-32.00	12478 11057
	12478 11066
92.00	12478 11193
12.00	12478 11278
-27.00	12478 11292
-24.00	12478 11298
29.00	12478 11503
0.00	12478 11697
45.00	12478 12173
-27.00	12478 12191
-17.00	12478 12264
-9.00	12478 12339
-4.00	12478 12441
-2.00	12478 12451
-21.00	12478 12889
134.00	12478 12892
-12.00	12478 12954
-13.00	12478 13204
16.00	12478 13303
-31.00	12478 13487
3.00	12478 13495
-24.00	12478 13796
-12.00	12478 13930
-26.00	12478 13931
-24.00	12478 14027
19.00	12478 14057
-7.00	12478 14107
-28.00	12478 14254
-10.00	12478 14321
-9.00	12478 14492
10.00	12478 14576
-9.00	12478 14635
-56.00	12478 14679
16.00	12478 14685
	12478 14747
-28.00	12478 14771
0.00	12478 14831
-15.00	12478 14843
-33.00	12478 14869
-35.00	12478 14893
	12478 14986
-39.00	12478 15024
-2.00	12478 15096
26.00	12478 15304
57.00	12511 11298
	12519 11292
114.00	12519 11447
-19.00	12523 10299
-13.00	12523 12819
3.00	12523 14256
-7.00	12523 14747
24.00	12523 14828
41.00	12523 15991
5.00	12758 12173
56.00	12758 12892
-26.00	12758 13796
-8.00	12758 13830
-6.00	12758 14057
-35.00	12758 14747
-4.00	12758 14771
88.00	12758 14831
25.00	12819 14747
-33.00	12884 11433
-7.00	12884 13487
-8.00	12884 13930
-27.00	12888 11292
6.00	12889 10140
2.00	12889 10257
-50.00	12889 10299
-22.00	12889 10397
2.00	12889 10423
15.00	12889 10693
8.00	12889 10713
-1.00	12889 10721
22.00	12889 10792
-12.00	12889 10800
-22.00	12889 10821
-4.00	12889 11042
2.00	12889 11057
20.00	12889 11066
17.00	12889 11193
-10.00	12889 11259
-1.00	12889 11278
-9.00	12889 11292
3.00	12889 11298
32.00	12889 11423
-26.00	12889 11433
-14.00	12889 11540
-13.00	12889 11618
17.00	12889 11697
-13.00	12889 11721
-23.00	12889 11884
9.00	12889 12173
-12.00	12889 12191
-19.00	12889 12264
-1.00	12889 12266
-7.00	12889 12278
-20.00	12889 12339
-8.00	12889 12478
8.00	12889 12892
-4.00	12889 12896
-13.00	12889 12954
76.00	12889 13158
-17.00	12889 13198
-7.00	12889 13204
-13.00	12889 13232
-32.00	12889 13303
31.00	12889 13342
-6.00	12889 13487
-19.00	12889 13495
-19.00	12889 13796
19.00	12889 13851
41.00	12889 13871
-4.00	12889 13891
-1.00	12889 13930
-16.00	12889 14057
-6.00	12889 14100
-7.00	12889 14107
34.00	12889 14492
-2.00	12889 14570
50.00	12889 14679
18.00	12889 14683
7.00	12889 14730
23.00	12889 14747
-10.00	12889 14771
-22.00	12889 14831
109.00	12889 14869
-5.00	12889 14893
-14.00	12889 14908
-9.00	12889 15016
20.00	12889 15304
-20.00	12889 15370
-8.00	12889 15376
-5.00	12891 11298
8.00	12892 10140
-39.00	12892 10299
-6.00	12892 10372
4.00	12892 10397
28.00	12892 10423
-15.00	12892 10693
-11.00	12892 10713
12.00	12892 10721
-5.00	12892 11041
-4.00	12892 11042
24.00	12892 11057
-14.00	12892 11066
30.00	12892 11109
-19.00	12892 11193
6.00	12892 11259
-4.00	12892 11278
45.00	12892 11292
-21.00	12892 11298
-20.00	12892 11433
7.00	12892 11540
-5.00	12892 11603
0.00	12892 11618
-3.00	12892 11638
-9.00	12892 11697
-4.00	12892 11884
48.00	12892 12094
14.00	12892 12173
37.00	12892 12191
-6.00	12892 12264
27.00	12892 12266
23.00	12892 12278
-5.00	12892 12339
-1.00	12892 12441
-14.00	12892 12478
34.00	12892 12758
-11.00	12892 12889
-4.00	12892 12982
-15.00	12892 13198
14.00	12892 13204
14.00	12892 13232
8.00	12892 13244
-3.00	12892 13303
-9.00	12892 13342
-10.00	12892 13476
2.00	12892 13487
4.00	12892 13495
-4.00	12892 13796
-11.00	12892 13830
13.00	12892 13851
0.00	12892 13930
6.00	12892 14027
-13.00	12892 14057
-3.00	12892 14100
-7.00	12892 14107
12.00	12892 14122
43.00	12892 14262
-8.00	12892 14489
28.00	12892 14492
59.00	12892 14570
13.00	12892 14674
-14.00	12892 14679
-7.00	12892 14683
16.00	12892 14689
-14.00	12892 14698
3.00	12892 14747
-17.00	12892 14771
-13.00	12892 14831
-21.00	12892 14869
-6.00	12892 14893
22.00	12892 14905
-15.00	12892 15016
-21.00	12892 15304
-9.00	12892 15376
-12.00	12896 10423
-17.00	12896 11259
7.00	12896 11292
4.00	12896 11298
59.00	12896 12266
-19.00	12896 12889
-6.00	12898 11697
-25.00	12898 13204
10.00	12898 14635
-16.00	12898 15304
11.00	12915 11298
-7.00	12915 12266
24.00	12945 10397
-32.00	12945 11298
13.00	12945 11433
30.00	12945 12266
19.00	12945 13930
-3.00	12951 10397
-18.00	12951 11292
23.00	12951 11298
-17.00	12951 12266
	12953 10397
-17.00	12953 10599
	12953 10693
2.00	12953 10721
48.00	12953 10868
-8.00	12953 10874
62.00	12953 10990
198.00	12953 10994
-8.00	12953 11042
-31.00	12953 11057
67.00	12953 11066
	12953 11193
-34.00	12953 11259
32.00	12953 11267
-13.00	12953 11278
92.00	12953 11292
-16.00	12953 11298
5.00	12953 11433
-31.00	12953 11697
-44.00	12953 11995
-13.00	12953 12191
118.00	12953 12264
	12953 12266
15.00	12953 12992
-16.00	12953 13198
54.00	12953 13204
-12.00	12953 13232
	12953 13296
-6.00	12953 13303
18.00	12953 13342
45.00	12953 13487
-22.00	12953 13495
12.00	12953 13577
-25.00	12953 13930
-15.00	12953 13931
70.00	12953 14027
-18.00	12953 14122
7.00	12953 14492
16.00	12953 14524
116.00	12953 14576
-4.00	12953 14635
100.00	12953 14685
38.00	12953 14730
-16.00	12953 14986
100.00	12953 15016
-23.00	12953 15304
24.00	12953 15412
	12953 15919
4.00	12954 10423
-2.00	12954 10721
11.00	12954 12478
-8.00	12954 12889
31.00	12954 13796
-10.00	12954 14057
-12.00	12954 14747
-24.00	12954 14771
-11.00	12954 14869
-16.00	12954 14893
-28.00	12982 11292
-9.00	12982 12173
-31.00	12982 12892
-3.00	12982 13830
-24.00	12982 14107
-8.00	12982 14771
-15.00	12982 14831
-17.00	12992 10397
-12.00	12992 10821
3.00	12992 11259
-10.00	12992 11292
2.00	12992 11298
-16.00	12992 11433
-14.00	12992 12266
66.00	12992 12889
	12992 12953
-5.00	12992 13232
84.00	12992 13930
3.00	12992 14107
8.00	13029 10397
-5.00	13029 11292
-1.00	13029 13487
4.00	13029 13930
3.00	13061 11298
-9.00	13061 12266
-11.00	13076 13487
	13076 13930
-13.00	13127 14869
-6.00	13158 11259
	13158 11292
-9.00	13158 11298
	13158 12191
33.00	13158 12266
-3.00	13158 12889
30.00	13184 10397
-15.00	13184 11433
27.00	13184 13930
-15.00	13198 10397
1.00	13198 10693
-19.00	13198 10721
-14.00	13198 10821
24.00	13198 11057
-9.00	13198 11259
-10.00	13198 11278
-8.00	13198 11292
0.00	13198 11298
6.00	13198 11433
189.00	13198 11618
-15.00	13198 11697
-28.00	13198 12191
-14.00	13198 12266
35.00	13198 12339
-36.00	13198 12889
-12.00	13198 12892
-23.00	13198 12953
-20.00	13198 13204
32.00	13198 13232
0.00	13198 13342
-20.00	13198 13487
-16.00	13198 13495
1.00	13198 13796
-18.00	13198 13930
3.00	13198 14107
-2.00	13198 14679
-18.00	13198 14747
-6.00	13198 14771
-6.00	13198 14869
-14.00	13198 15016
-21.00	13198 15304
-14.00	13204 10158
-2.00	13204 10257
-27.00	13204 10397
0.00	13204 10423
-9.00	13204 10529
2.00	13204 10599
-10.00	13204 10693
-4.00	13204 10721
15.00	13204 10732
-5.00	13204 10792
8.00	13204 10821
17.00	13204 10874
-9.00	13204 11042
-9.00	13204 11057
3.00	13204 11066
-12.00	13204 11193
-11.00	13204 11259
-6.00	13204 11267
10.00	13204 11278
-3.00	13204 11292
13.00	13204 11298
-17.00	13204 11433
2.00	13204 11618
20.00	13204 11697
2.00	13204 11721
36.00	13204 11986
-13.00	13204 12191
-4.00	13204 12197
-16.00	13204 12264
149.00	13204 12266
-15.00	13204 12320
-9.00	13204 12339
240.00	13204 12391
112.00	13204 12478
-21.00	13204 12889
-17.00	13204 12892
27.00	13204 12898
21.00	13204 12953
26.00	13204 13198
18.00	13204 13232
-1.00	13204 13244
-1.00	13204 13296
15.00	13204 13303
10.00	13204 13342
	13204 13485
-18.00	13204 13487
19.00	13204 13495
0.00	13204 13930
-10.00	13204 13933
22.00	13204 14100
-12.00	13204 14107
12.00	13204 14122
	13204 14254
-11.00	13204 14307
-14.00	13204 14492
11.00	13204 14524
-21.00	13204 14679
-11.00	13204 14683
-7.00	13204 14730
-12.00	13204 14747
-23.00	13204 14771
52.00	13204 14843
-1.00	13204 14869
3.00	13204 15016
7.00	13204 15070
44.00	13204 15096
-3.00	13204 15356
31.00	13230 10397
-1.00	13230 11057
-21.00	13230 11433
-14.00	13230 13204
-15.00	13230 13930
-12.00	13232 10140
-2.00	13232 10257
11.00	13232 10397
-41.00	13232 10423
-10.00	13232 10529
	13232 10599
13.00	13232 10693
17.00	13232 10721
-10.00	13232 10792
1.00	13232 10821
50.00	13232 10994
-5.00	13232 11042
-3.00	13232 11057
3.00	13232 11066
-26.00	13232 11259
8.00	13232 11278
-27.00	13232 11292
-20.00	13232 11423
-10.00	13232 11433
-23.00	13232 11618
-2.00	13232 11697
8.00	13232 11996
-15.00	13232 12191
-3.00	13232 12264
-7.00	13232 12278
-25.00	13232 12889
-18.00	13232 12892
12.00	13232 12953
-11.00	13232 12992
-21.00	13232 13198
-26.00	13232 13204
-9.00	13232 13244
3.00	13232 13296
-5.00	13232 13487
-16.00	13232 13495
-6.00	13232 13796
-19.00	13232 13851
-11.00	13232 13871
-10.00	13232 13891
-7.00	13232 13931
-7.00	13232 14100
154.00	13232 14107
-5.00	13232 14122
-6.00	13232 14307
14.00	13232 14492
19.00	13232 14576
98.00	13232 14635
-6.00	13232 14679
169.00	13232 14683
-3.00	13232 14730
169.00	13232 14747
	13232 14771
3.00	13232 14831
-26.00	13232 14869
-24.00	13232 14893
35.00	13232 15016
-5.00	13232 15304
-8.00	13232 15370
56.00	13232 15376
-13.00	13241 11298
-12.00	13241 14109
-20.00	13244 10397
-9.00	13244 11057
-12.00	13244 11292
6.00	13244 11298
-18.00	13244 11618
-24.00	13244 12191
-5.00	13244 12266
-18.00	13244 12892
5.00	13244 13204
20.00	13244 13232
-17.00	13244 13303
-22.00	13244 13930
381.00	13256 11298
4.00	13256 12266
0.00	13264 11292
-23.00	13264 14771
-10.00	13264 14869
9.00	13277 10397
-1.00	13277 11298
-2.00	13290 11298
7.00	13290 13930
-1.00	13296 10397
84.00	13296 10821
-14.00	13296 11433
-7.00	13296 11618
-25.00	13296 12953
-8.00	13296 13204
-14.00	13296 13232
-2.00	13296 15304
22.00	13303 10397
13.00	13303 10529
-9.00	13303 10599
42.00	13303 10721
17.00	13303 10821
-7.00	13303 10994
-20.00	13303 11057
-6.00	13303 11066
12.00	13303 11193
	13303 11278
40.00	13303 11292
-5.00	13303 11298
-8.00	13303 11433
21.00	13303 11618
0.00	13303 11624
3.00	13303 11953
21.00	13303 11995
-1.00	13303 12264
-12.00	13303 12266
14.00	13303 12478
-2.00	13303 12889
-13.00	13303 12892
26.00	13303 12953
4.00	13303 13204
-13.00	13303 13244
-12.00	13303 13487
-11.00	13303 13495
10.00	13303 13930
6.00	13303 13931
29.00	13303 14100
-6.00	13303 14107
0.00	13303 14193
-14.00	13303 14492
14.00	13303 14679
6.00	13303 14747
-15.00	13303 14771
-10.00	13303 14843
2.00	13303 15016
-5.00	13303 15024
4.00	13303 15027
-12.00	13303 15249
-26.00	13303 15304
-8.00	13342 10397
-3.00	13342 10721
-3.00	13342 10821
-37.00	13342 11042
6.00	13342 11193
75.00	13342 11278
-6.00	13342 11292
-39.00	13342 11298
-5.00	13342 11433
14.00	13342 11618
4.00	13342 11697
-33.00	13342 12266
-23.00	13342 12889
-33.00	13342 12892
-13.00	13342 12953
-17.00	13342 13198
43.00	13342 13204
-18.00	13342 13487
48.00	13342 13930
6.00	13342 14107
-5.00	13342 14635
-3.00	13342 14747
-21.00	13342 14771
30.00	13342 15016
0.00	13342 15304
	13344 13930
-12.00	13360 10397
7.00	13367 10397
-25.00	13367 11298
86.00	13367 11433
-6.00	13367 13930
14.00	13377 10397
0.00	13377 11298
0.00	13377 12266
-33.00	13388 14771
-4.00	13422 10397
-18.00	13422 11298
18.00	13422 12266
4.00	13422 13930
-9.00	13433 11292
-33.00	13433 13487
7.00	13459 13930
48.00	13476 12892
-22.00	13476 14771
17.00	13485 11193
-9.00	13485 11292
48.00	13485 11298
1.00	13485 11433
-12.00	13485 11618
-12.00	13485 13487
8.00	13485 13930
-25.00	13486 11292
-33.00	13486 13487
-28.00	13486 14869
4.00	13487 10141
-48.00	13487 10299
-21.00	13487 10397
-15.00	13487 10408
-11.00	13487 10423
-27.00	13487 10469
25.00	13487 10529
38.00	13487 10620
-12.00	13487 10627
-16.00	13487 10631
241.00	13487 10685
7.00	13487 10693
-24.00	13487 10713
-35.00	13487 10721
-18.00	13487 10739
-6.00	13487 10821
0.00	13487 10849
11.00	13487 11003
48.00	13487 11042
-17.00	13487 11057
-5.00	13487 11066
-20.00	13487 11193
-23.00	13487 11267
16.00	13487 11278
-21.00	13487 11292
0.00	13487 11298
12.00	13487 11315
-21.00	13487 11337
-23.00	13487 11433
33.00	13487 11618
10.00	13487 11637
52.00	13487 11697
-11.00	13487 11775
	13487 11884
-17.00	13487 11898
6.00	13487 11977
-3.00	13487 11986
0.00	13487 12129
-3.00	13487 12264
24.00	13487 12266
29.00	13487 12278
114.00	13487 12335
-22.00	13487 12339
-1.00	13487 12389
-23.00	13487 12478
-18.00	13487 12884
3.00	13487 12889
11.00	13487 12892
-17.00	13487 12953
107.00	13487 13029
1.00	13487 13198
-9.00	13487 13204
-23.00	13487 13232
-9.00	13487 13244
-45.00	13487 13303
-18.00	13487 13342
-11.00	13487 13367
	13487 13433
-12.00	13487 13485
-2.00	13487 13486
-11.00	13487 13495
-1.00	13487 13871
-4.00	13487 13930
-16.00	13487 14057
-22.00	13487 14100
-24.00	13487 14107
-17.00	13487 14457
41.00	13487 14492
-3.00	13487 14520
7.00	13487 14524
-8.00	13487 14635
-23.00	13487 14679
38.00	13487 14683
157.00	13487 14696
1.00	13487 14747
-5.00	13487 14771
-50.00	13487 14831
-10.00	13487 14869
-16.00	13487 14893
-15.00	13487 14908
-1.00	13487 15016
-20.00	13487 15304
1.00	13487 15919
7.00	13495 10397
34.00	13495 10423
-14.00	13495 10693
4.00	13495 10721
5.00	13495 10821
8.00	13495 11057
-7.00	13495 11259
-18.00	13495 11278
-21.00	13495 11292
-16.00	13495 11298
3.00	13495 11433
-14.00	13495 11618
9.00	13495 11697
-5.00	13495 12191
-15.00	13495 12266
-18.00	13495 12478
-22.00	13495 12889
-2.00	13495 12892
80.00	13495 12953
-2.00	13495 13198
-17.00	13495 13204
0.00	13495 13232
-8.00	13495 13303
-1.00	13495 13342
-15.00	13495 13487
49.00	13495 13930
12.00	13495 14100
-28.00	13495 14107
-9.00	13495 14679
12.00	13495 14747
-44.00	13495 14771
-15.00	13495 14869
-18.00	13495 15016
61.00	13495 15304
-13.00	13502 10397
7.00	13502 11292
9.00	13502 12266
-23.00	13502 12892
-11.00	13502 14107
-13.00	13502 14771
-16.00	13577 10158
-7.00	13577 10397
73.00	13577 10721
-7.00	13577 11697
-4.00	13577 12953
-5.00	13795 10397
19.00	13796 10140
10.00	13796 10423
13.00	13796 10713
-5.00	13796 10800
6.00	13796 11259
-10.00	13796 11292
1.00	13796 11298
-3.00	13796 12173
0.00	13796 12191
-15.00	13796 12478
0.00	13796 12758
6.00	13796 12889
-4.00	13796 12892
-1.00	13796 12954
19.00	13796 13232
20.00	13796 13830
-1.00	13796 13891
1.00	13796 13930
-12.00	13796 14057
1.00	13796 14107
27.00	13796 14679
-5.00	13796 14747
-16.00	13796 14869
-2.00	13796 14908
23.00	13830 10299
-16.00	13830 10666
-24.00	13830 11292
3.00	13830 11298
7.00	13830 12173
0.00	13830 12402
90.00	13830 12758
298.00	13830 12892
3.00	13830 12982
156.00	13830 13796
18.00	13830 13930
-1.00	13830 14057
-39.00	13830 14107
-2.00	13830 14747
198.00	13830 14771
-11.00	13830 14831
-18.00	13830 14893
-19.00	13851 10397
-6.00	13851 11259
-12.00	13851 11292
12.00	13851 11298
-3.00	13851 12191
1.00	13851 12266
-16.00	13851 12889
-25.00	13851 12892
-9.00	13851 13232
-13.00	13851 13487
106.00	13851 13930
-17.00	13851 14107
3.00	13851 14771
-21.00	13851 14869
16.00	13851 15016
-22.00	13871 10397
-24.00	13871 11292
-28.00	13871 11298
-4.00	13871 11433
	13871 11618
-5.00	13871 12266
4.00	13871 12889
-11.00	13871 13204
-6.00	13871 13232
-17.00	13871 13487
1.00	13871 13930
-14.00	13871 14107
0.00	13871 14747
-5.00	13871 14869
-5.00	13871 15016
-8.00	13873 10299
17.00	13891 11292
-11.00	13891 11298
3.00	13891 12266
3.00	13891 12889
37.00	13891 13232
36.00	13891 13796
-10.00	13891 14057
-13.00	13891 14107
-12.00	13891 14747
202.00	13891 14771
-4.00	13891 14831
-14.00	13891 14869
58.00	13891 14893
13.00	13930 10135
-16.00	13930 10140
-4.00	13930 10257
154.00	13930 10268
-1.00	13930 10372
14.00	13930 10397
-15.00	13930 10408
11.00	13930 10423
152.00	13930 10431
0.00	13930 10434
	13930 10469
-16.00	13930 10529
-16.00	13930 10599
-4.00	13930 10627
22.00	13930 10685
-2.00	13930 10693
29.00	13930 10713
23.00	13930 10721
-22.00	13930 10785
-8.00	13930 10792
-17.00	13930 10821
-13.00	13930 10849
-8.00	13930 10868
-13.00	13930 10874
133.00	13930 10990
-6.00	13930 10994
21.00	13930 11003
208.00	13930 11042
112.00	13930 11057
13.00	13930 11066
5.00	13930 11067
18.00	13930 11076
62.00	13930 11109
-21.00	13930 11111
-9.00	13930 11146
	13930 11193
-5.00	13930 11203
6.00	13930 11267
-2.00	13930 11274
	13930 11278
152.00	13930 11292
10.00	13930 11298
-4.00	13930 11337
-10.00	13930 11423
127.00	13930 11433
3.00	13930 11471
64.00	13930 11503
17.00	13930 11537
-18.00	13930 11540
70.00	13930 11577
-13.00	13930 11612
-9.00	13930 11618
89.00	13930 11637
-25.00	13930 11697
-2.00	13930 11721
-15.00	13930 11775
-6.00	13930 11823
3.00	13930 11977
0.00	13930 11986
86.00	13930 11996
2.00	13930 12094
-10.00	13930 12173
-1.00	13930 12197
-7.00	13930 12264
4.00	13930 12266
117.00	13930 12278
	13930 12339
-11.00	13930 12441
	13930 12448
-4.00	13930 12451
-17.00	13930 12478
-7.00	13930 12884
-11.00	13930 12889
-25.00	13930 12892
10.00	13930 12945
149.00	13930 12953
38.00	13930 12992
1.00	13930 13029
8.00	13930 13076
-9.00	13930 13184
-13.00	13930 13198
64.00	13930 13204
70.00	13930 13230
1.00	13930 13244
45.00	13930 13290
-23.00	13930 13296
-9.00	13930 13303
-22.00	13930 13342
-11.00	13930 13344
8.00	13930 13367
-5.00	13930 13422
-10.00	13930 13459
27.00	13930 13485
55.00	13930 13487
-14.00	13930 13495
0.00	13930 13502
-43.00	13930 13796
-12.00	13930 13830
-21.00	13930 13851
57.00	13930 13871
46.00	13930 13931
-26.00	13930 14006
-12.00	13930 14027
4.00	13930 14057
-10.00	13930 14100
-7.00	13930 14107
-14.00	13930 14108
13.00	13930 14122
-20.00	13930 14262
32.00	13930 14307
-2.00	13930 14457
15.00	13930 14492
103.00	13930 14524
	13930 14570
16.00	13930 14574
-12.00	13930 14576
59.00	13930 14633
-10.00	13930 14635
-10.00	13930 14679
	13930 14683
-1.00	13930 14685
-5.00	13930 14696
-7.00	13930 14711
28.00	13930 14730
16.00	13930 14747
-46.00	13930 14771
40.00	13930 14783
3.00	13930 14831
9.00	13930 14843
12.00	13930 14869
-29.00	13930 14893
40.00	13930 14908
	13930 14952
	13930 15008
-16.00	13930 15016
42.00	13930 15024
-14.00	13930 15096
40.00	13930 15295
197.00	13930 15304
	13930 15370
-39.00	13930 15376
-9.00	13930 15380
29.00	13930 15412
32.00	13930 15919
-18.00	13931 10397
-9.00	13931 10821
1.00	13931 11057
1.00	13931 11298
-3.00	13931 11433
-16.00	13931 11618
-8.00	13931 12264
-27.00	13931 12478
46.00	13931 12953
-14.00	13931 13204
-2.00	13931 13232
-9.00	13931 13303
21.00	13931 13930
15.00	13933 11697
-16.00	13933 13204
7.00	13964 14771
-14.00	13970 10299
8.00	13970 13873
-17.00	14006 13930
-17.00	14025 11697
	14027 10158
-7.00	14027 10397
12.00	14027 10529
12.00	14027 10721
46.00	14027 10821
74.00	14027 11057
228.00	14027 11278
11.00	14027 11292
6.00	14027 11298
-12.00	14027 11618
-7.00	14027 12197
48.00	14027 12264
16.00	14027 12266
20.00	14027 12391
-16.00	14027 12478
-10.00	14027 12892
-23.00	14027 12953
11.00	14027 13930
2.00	14027 14100
3.00	14057 10299
-6.00	14057 10397
-12.00	14057 10721
-8.00	14057 10800
5.00	14057 11057
-31.00	14057 11278
-35.00	14057 11292
-14.00	14057 11298
-39.00	14057 11618
36.00	14057 12173
-13.00	14057 12266
-15.00	14057 12478
-24.00	14057 12758
-9.00	14057 12889
-2.00	14057 12892
-13.00	14057 12954
-11.00	14057 13198
-3.00	14057 13232
-12.00	14057 13487
-5.00	14057 13796
-23.00	14057 13830
-13.00	14057 13891
-34.00	14057 13930
-1.00	14057 14107
-3.00	14057 14262
3.00	14057 14679
78.00	14057 14689
2.00	14057 14747
1.00	14057 14771
1.00	14057 14831
-17.00	14057 14869
-11.00	14057 14893
-10.00	14057 14908
29.00	14057 15376
17.00	14098 10397
-13.00	14100 10397
11.00	14100 10693
-5.00	14100 10721
-5.00	14100 11057
17.00	14100 11278
-9.00	14100 11292
-14.00	14100 11298
-5.00	14100 11433
-21.00	14100 11697
45.00	14100 12266
	14100 12339
35.00	14100 12451
-23.00	14100 12889
-4.00	14100 12892
105.00	14100 13204
27.00	14100 13232
98.00	14100 13303
-33.00	14100 13487
-24.00	14100 13495
	14100 13930
-6.00	14100 14027
3.00	14100 14107
-6.00	14100 14122
-13.00	14100 14492
-14.00	14100 14635
-7.00	14100 14679
391.00	14100 14683
-17.00	14100 14771
8.00	14100 14843
6.00	14100 14869
-7.00	14100 15016
21.00	14100 15024
-10.00	14100 15304
1.00	14107 10140
-25.00	14107 10299
20.00	14107 10397
8.00	14107 10423
141.00	14107 10561
9.00	14107 10693
53.00	14107 10713
-1.00	14107 10721
-12.00	14107 10792
-12.00	14107 10800
1.00	14107 10821
3.00	14107 11042
-19.00	14107 11057
27.00	14107 11066
-20.00	14107 11193
45.00	14107 11259
-37.00	14107 11278
12.00	14107 11292
25.00	14107 11298
-20.00	14107 11413
-20.00	14107 11433
-4.00	14107 11540
31.00	14107 11618
-10.00	14107 11638
5.00	14107 11695
29.00	14107 11697
-10.00	14107 11884
11.00	14107 11921
-27.00	14107 12173
-14.00	14107 12191
-28.00	14107 12264
2.00	14107 12266
13.00	14107 12339
-21.00	14107 12478
11.00	14107 12758
3.00	14107 12889
-28.00	14107 12892
72.00	14107 12982
-1.00	14107 12992
-7.00	14107 13198
19.00	14107 13204
17.00	14107 13232
16.00	14107 13303
-16.00	14107 13342
-2.00	14107 13476
36.00	14107 13487
-3.00	14107 13495
6.00	14107 13502
3.00	14107 13796
-15.00	14107 13830
15.00	14107 13851
-2.00	14107 13871
-6.00	14107 13891
8.00	14107 13930
-12.00	14107 14057
-13.00	14107 14100
-5.00	14107 14122
143.00	14107 14262
-12.00	14107 14570
-8.00	14107 14679
25.00	14107 14683
45.00	14107 14689
5.00	14107 14698
-7.00	14107 14730
-24.00	14107 14747
-32.00	14107 14771
-5.00	14107 14831
-5.00	14107 14869
-18.00	14107 14893
27.00	14107 14908
8.00	14107 15016
-23.00	14107 15304
5.00	14107 15370
-11.00	14107 15376
5.00	14107 16218
-6.00	14108 10397
9.00	14108 11298
13.00	14108 11433
73.00	14108 13930
-16.00	14109 13241
5.00	14113 14869
78.00	14122 10397
-28.00	14122 10693
76.00	14122 10721
-6.00	14122 10821
15.00	14122 11057
15.00	14122 11292
-4.00	14122 11298
15.00	14122 11618
15.00	14122 11697
-20.00	14122 12191
-25.00	14122 12264
9.00	14122 12266
-36.00	14122 12889
-15.00	14122 12953
-12.00	14122 13204
-12.00	14122 13232
91.00	14122 13487
30.00	14122 13930
-8.00	14122 14100
-7.00	14122 14107
-19.00	14122 14635
6.00	14122 15304
221.00	14150 11433
-14.00	14193 10397
12.00	14193 10693
-12.00	14193 11298
-13.00	14193 12191
-13.00	14193 12266
26.00	14193 13303
95.00	14193 13930
-5.00	14222 12173
-3.00	14252 11292
-8.00	14252 14771
-23.00	14252 14869
-21.00	14254 12478
-12.00	14254 13204
31.00	14256 15841
-6.00	14262 11292
51.00	14262 11298
28.00	14262 12266
-13.00	14262 12892
-14.00	14262 13487
58.00	14262 13930
-7.00	14262 14057
8.00	14262 14107
17.00	14262 14747
28.00	14262 14771
6.00	14262 14869
4.00	14288 11292
-13.00	14307 10397
-21.00	14307 10821
5.00	14307 11057
-30.00	14307 11433
-20.00	14307 11618
-26.00	14307 11697
-20.00	14307 12264
-6.00	14307 13204
-33.00	14307 13232
6.00	14307 13930
	14307 15304
-6.00	14321 10397
-20.00	14321 10821
-6.00	14321 11057
-3.00	14321 12478
2.00	14457 11292
1.00	14457 11298
-24.00	14457 13487
-14.00	14457 13930
11.00	14457 14869
-20.00	14487 14771
70.00	14489 11292
121.00	14489 14771
-2.00	14489 14869
-11.00	14492 10397
53.00	14492 10529
0.00	14492 10693
59.00	14492 10721
3.00	14492 10821
85.00	14492 11042
-16.00	14492 11057
2.00	14492 11292
-14.00	14492 11298
-24.00	14492 11433
-8.00	14492 11618
-14.00	14492 11697
-21.00	14492 12191
21.00	14492 12266
130.00	14492 12478
-15.00	14492 12889
-11.00	14492 12892
-13.00	14492 12953
-12.00	14492 13204
175.00	14492 13232
-10.00	14492 13303
-26.00	14492 13487
-1.00	14492 13930
-25.00	14492 14100
6.00	14492 14771
11.00	14492 15016
-11.00	14492 15304
3.00	14492 15356
	14520 12335
5.00	14520 13487
7.00	14524 10397
2.00	14524 10721
35.00	14524 11057
	14524 11298
-12.00	14524 11433
4.00	14524 11618
-13.00	14524 11697
	14524 12266
84.00	14524 12953
-6.00	14524 13204
-10.00	14524 13303
100.00	14524 13487
3.00	14524 13930
14.00	14543 11292
-29.00	14543 11865
6.00	14543 14869
-9.00	14570 11292
14.00	14570 11298
-9.00	14570 12266
1.00	14570 12889
-5.00	14570 12892
-5.00	14570 13930
-11.00	14570 14107
-3.00	14570 14679
-8.00	14570 14771
-9.00	14570 14869
-15.00	14574 10397
6.00	14576 10397
-14.00	14576 10821
-15.00	14576 11057
3.00	14576 11618
37.00	14576 12264
23.00	14576 12478
232.00	14576 12953
-7.00	14576 13204
-27.00	14576 13930
-29.00	14576 15304
3.00	14588 11298
-23.00	14633 13487
4.00	14633 13930
-8.00	14635 10158
-11.00	14635 10397
12.00	14635 10529
3.00	14635 10693
-12.00	14635 10721
-6.00	14635 10821
17.00	14635 10874
1.00	14635 11042
21.00	14635 11057
-7.00	14635 11066
-16.00	14635 11193
4.00	14635 11278
-5.00	14635 11292
16.00	14635 11298
-19.00	14635 11433
-22.00	14635 11618
1.00	14635 12197
11.00	14635 12264
24.00	14635 12266
-8.00	14635 12339
-13.00	14635 12478
0.00	14635 12953
5.00	14635 13232
8.00	14635 13342
-15.00	14635 13487
-17.00	14635 13930
-20.00	14635 14100
-5.00	14635 14122
54.00	14635 15016
10.00	14635 15356
77.00	14674 11292
	14674 11298
1.00	14679 10140
-9.00	14679 10397
4.00	14679 10423
-2.00	14679 10693
52.00	14679 10713
6.00	14679 10721
-13.00	14679 10821
6.00	14679 11057
9.00	14679 11259
11.00	14679 11292
-17.00	14679 11298
-16.00	14679 11433
25.00	14679 11618
4.00	14679 12173
79.00	14679 12191
-12.00	14679 12264
-11.00	14679 12266
-13.00	14679 12478
-10.00	14679 12889
1.00	14679 12892
-6.00	14679 13198
0.00	14679 13204
-13.00	14679 13232
6.00	14679 13303
2.00	14679 13487
35.00	14679 13495
12.00	14679 13796
-16.00	14679 13830
39.00	14679 13930
3.00	14679 14057
-17.00	14679 14100
-15.00	14679 14107
2.00	14679 14570
14.00	14679 14683
0.00	14679 14747
6.00	14679 14771
13.00	14679 14831
4.00	14679 14869
0.00	14679 14893
-7.00	14679 15376
-18.00	14683 10397
11.00	14683 10693
27.00	14683 11057
0.00	14683 11259
21.00	14683 11292
-5.00	14683 11298
-10.00	14683 11433
11.00	14683 11540
-13.00	14683 11618
-6.00	14683 12191
-8.00	14683 12266
-14.00	14683 12889
-21.00	14683 12892
-7.00	14683 13204
-5.00	14683 13232
-11.00	14683 13487
18.00	14683 13930
-23.00	14683 14100
-20.00	14683 14107
-27.00	14683 14679
-24.00	14683 14771
-7.00	14683 14869
35.00	14683 15016
-13.00	14683 15304
-4.00	14685 10397
-25.00	14685 10721
24.00	14685 11298
67.00	14685 11433
-3.00	14685 12264
0.00	14685 12266
0.00	14685 12478
-11.00	14685 12953
61.00	14685 13930
-9.00	14689 11292
-28.00	14689 12892
-14.00	14689 14057
4.00	14689 14107
49.00	14689 14771
4.00	14696 10397
138.00	14696 11433
	14696 11618
-5.00	14696 13930
3.00	14698 12892
-11.00	14698 14107
-13.00	14698 14771
-7.00	14709 10299
2.00	14709 10754
-19.00	14711 13930
-9.00	14730 10397
-7.00	14730 10821
-15.00	14730 11292
-21.00	14730 11433
0.00	14730 11618
-17.00	14730 12264
8.00	14730 12266
-11.00	14730 12889
-27.00	14730 12953
-12.00	14730 13204
-21.00	14730 13232
-8.00	14730 13930
-20.00	14730 14107
-2.00	14747 10140
-13.00	14747 10299
-2.00	14747 10397
7.00	14747 10423
-13.00	14747 10721
-7.00	14747 10800
21.00	14747 11057
-8.00	14747 11109
-38.00	14747 11278
-15.00	14747 11292
57.00	14747 11298
-5.00	14747 11433
2.00	14747 11618
2.00	14747 11630
3.00	14747 11638
-16.00	14747 11697
-12.00	14747 11884
-12.00	14747 12094
1.00	14747 12173
34.00	14747 12264
-4.00	14747 12266
-7.00	14747 12478
51.00	14747 12523
45.00	14747 12758
-7.00	14747 12819
99.00	14747 12889
7.00	14747 12892
-9.00	14747 12954
-4.00	14747 12982
-7.00	14747 13198
-24.00	14747 13204
-1.00	14747 13232
33.00	14747 13487
12.00	14747 13796
11.00	14747 13830
-22.00	14747 13871
-4.00	14747 13891
-10.00	14747 13930
6.00	14747 14057
0.00	14747 14107
-10.00	14747 14262
-4.00	14747 14679
-23.00	14747 14683
39.00	14747 14689
1.00	14747 14771
-5.00	14747 14831
-2.00	14747 14869
37.00	14747 14893
-9.00	14747 14908
-6.00	14747 15016
-47.00	14747 15304
5.00	14771 10140
-12.00	14771 10157
-10.00	14771 10372
12.00	14771 10397
-9.00	14771 10423
-5.00	14771 10561
9.00	14771 10713
-22.00	14771 10721
4.00	14771 10800
-1.00	14771 10849
-35.00	14771 10930
-20.00	14771 11042
-13.00	14771 11057
0.00	14771 11193
44.00	14771 11259
59.00	14771 11278
-23.00	14771 11292
-7.00	14771 11298
-20.00	14771 11433
83.00	14771 11603
4.00	14771 11618
1.00	14771 11638
-2.00	14771 11697
-3.00	14771 12094
133.00	14771 12173
3.00	14771 12264
20.00	14771 12266
-2.00	14771 12339
3.00	14771 12478
-12.00	14771 12758
10.00	14771 12889
10.00	14771 12892
36.00	14771 12954
-9.00	14771 12982
20.00	14771 13198
28.00	14771 13204
72.00	14771 13232
-8.00	14771 13264
24.00	14771 13303
5.00	14771 13342
27.00	14771 13388
186.00	14771 13476
-16.00	14771 13487
51.00	14771 13495
0.00	14771 13830
84.00	14771 13851
57.00	14771 13891
-25.00	14771 13930
5.00	14771 14057
-4.00	14771 14100
-3.00	14771 14107
5.00	14771 14252
-16.00	14771 14262
49.00	14771 14487
51.00	14771 14489
165.00	14771 14492
-7.00	14771 14570
-1.00	14771 14679
89.00	14771 14689
4.00	14771 14698
-20.00	14771 14747
-3.00	14771 14869
	14771 14893
-8.00	14771 14908
169.00	14771 15016
-1.00	14771 15041
18.00	14771 15376
-37.00	14783 10397
3.00	14783 11292
36.00	14783 11298
37.00	14783 13930
-8.00	14794 11292
-9.00	14794 14869
15.00	14814 10397
-10.00	14814 11298
-13.00	14814 12266
-23.00	14828 12523
	14828 12819
-10.00	14831 10397
-5.00	14831 10423
-3.00	14831 10800
12.00	14831 11292
0.00	14831 11298
13.00	14831 12173
-18.00	14831 12478
9.00	14831 12758
6.00	14831 12889
-10.00	14831 12892
-18.00	14831 12982
-4.00	14831 13232
-2.00	14831 13487
-11.00	14831 13830
25.00	14831 13891
61.00	14831 13930
0.00	14831 14057
-7.00	14831 14107
14.00	14831 14679
-1.00	14831 14747
18.00	14831 14869
-5.00	14831 14908
-8.00	14842 11298
-9.00	14843 10397
25.00	14843 10529
-14.00	14843 10721
23.00	14843 10821
-7.00	14843 11057
-31.00	14843 11298
0.00	14843 11433
-11.00	14843 11618
-13.00	14843 11697
37.00	14843 12264
22.00	14843 12266
90.00	14843 12478
-23.00	14843 13204
2.00	14843 13303
-12.00	14843 13930
15.00	14843 14100
-1.00	14843 15024
-15.00	14843 15027
-9.00	14843 15304
-12.00	14869 10140
-11.00	14869 10397
8.00	14869 10423
-7.00	14869 10620
2.00	14869 10713
-17.00	14869 10779
2.00	14869 10800
-10.00	14869 10821
2.00	14869 10849
-5.00	14869 10918
-13.00	14869 11057
-11.00	14869 11092
-15.00	14869 11097
-13.00	14869 11109
-2.00	14869 11122
-17.00	14869 11278
5.00	14869 11292
5.00	14869 11298
-19.00	14869 11433
59.00	14869 11525
12.00	14869 11603
1.00	14869 11637
0.00	14869 11638
-5.00	14869 11648
-22.00	14869 11865
-11.00	14869 11884
-2.00	14869 11921
5.00	14869 12003
-26.00	14869 12156
3.00	14869 12173
-16.00	14869 12266
-4.00	14869 12280
-9.00	14869 12441
8.00	14869 12478
-12.00	14869 12889
0.00	14869 12892
-11.00	14869 12954
-30.00	14869 13127
-7.00	14869 13198
-20.00	14869 13204
4.00	14869 13232
8.00	14869 13264
13.00	14869 13485
7.00	14869 13486
-17.00	14869 13487
-10.00	14869 13495
-11.00	14869 13796
-11.00	14869 13851
-1.00	14869 13871
-10.00	14869 13891
-15.00	14869 13930
19.00	14869 14057
-27.00	14869 14100
-16.00	14869 14107
-1.00	14869 14113
-13.00	14869 14252
-22.00	14869 14262
-14.00	14869 14457
-8.00	14869 14489
-18.00	14869 14570
18.00	14869 14679
38.00	14869 14683
3.00	14869 14747
24.00	14869 14771
9.00	14869 14794
-11.00	14869 14831
-10.00	14869 14893
-14.00	14869 14908
-12.00	14869 15041
59.00	14869 15376
32.00	14869 15389
19.00	14869 15582
-12.00	14893 10397
3.00	14893 10800
-5.00	14893 11292
6.00	14893 11298
17.00	14893 12173
-3.00	14893 12266
	14893 12478
-10.00	14893 12889
-4.00	14893 12892
-9.00	14893 12954
22.00	14893 13232
-15.00	14893 13487
-8.00	14893 13830
-4.00	14893 13891
8.00	14893 13930
-8.00	14893 14057
-14.00	14893 14107
-9.00	14893 14679
-4.00	14893 14747
1.00	14893 14771
-8.00	14893 14869
-5.00	14893 14908
-17.00	14905 12892
63.00	14908 11259
-7.00	14908 11292
-12.00	14908 11298
12.00	14908 11618
58.00	14908 12191
18.00	14908 12266
15.00	14908 12889
-24.00	14908 13487
-8.00	14908 13796
-8.00	14908 13930
-4.00	14908 14057
-8.00	14908 14107
-28.00	14908 14747
-11.00	14908 14771
-9.00	14908 14831
-5.00	14908 14869
28.00	14908 14893
1.00	14952 11298
-7.00	14952 13930
18.00	14960 11298
-4.00	14986 10397
-33.00	14986 10721
-12.00	14986 12478
33.00	14986 12953
	15008 13930
-10.00	15016 10397
37.00	15016 10693
0.00	15016 10721
-5.00	15016 10821
-7.00	15016 11042
22.00	15016 11057
6.00	15016 11066
-11.00	15016 11193
21.00	15016 11259
33.00	15016 11278
-26.00	15016 11292
-11.00	15016 11298
14.00	15016 11433
191.00	15016 11618
-16.00	15016 11697
113.00	15016 11986
-5.00	15016 12191
-37.00	15016 12266
-23.00	15016 12889
242.00	15016 12892
7.00	15016 12953
-15.00	15016 13198
-1.00	15016 13204
-7.00	15016 13232
25.00	15016 13303
-4.00	15016 13342
-13.00	15016 13487
19.00	15016 13495
-23.00	15016 13851
-9.00	15016 13871
-20.00	15016 13930
-4.00	15016 14107
21.00	15016 14492
-7.00	15016 14635
-11.00	15016 14683
-7.00	15016 14747
-8.00	15016 14771
-10.00	15016 14869
-7.00	15016 15304
-13.00	15016 15370
-2.00	15024 10397
-32.00	15024 10721
24.00	15024 11057
65.00	15024 11618
5.00	15024 11697
25.00	15024 12264
19.00	15024 12478
1.00	15024 13303
	15024 14100
131.00	15024 14843
22.00	15027 11057
-18.00	15027 13303
44.00	15027 14843
-2.00	15041 11292
-8.00	15041 14869
	15048 13930
24.00	15070 11697
-28.00	15070 13204
9.00	15096 10397
-1.00	15096 11057
2.00	15096 11433
-25.00	15096 11618
-47.00	15096 12264
14.00	15096 12478
14.00	15096 12953
-7.00	15096 13204
22.00	15096 13930
-19.00	15249 10397
21.00	15249 11298
-30.00	15295 13930
-2.00	15304 10158
-5.00	15304 10257
-10.00	15304 10397
-4.00	15304 10423
-22.00	15304 10529
58.00	15304 10599
-7.00	15304 10693
1.00	15304 10721
19.00	15304 10792
11.00	15304 10821
-10.00	15304 10874
-18.00	15304 11042
-15.00	15304 11057
-1.00	15304 11066
-8.00	15304 11259
-4.00	15304 11278
-2.00	15304 11292
18.00	15304 11298
-28.00	15304 11433
-3.00	15304 11618
6.00	15304 11697
27.00	15304 11721
-5.00	15304 11986
-24.00	15304 12191
-2.00	15304 12197
3.00	15304 12264
24.00	15304 12266
1.00	15304 12339
-8.00	15304 12391
17.00	15304 12478
-22.00	15304 12889
36.00	15304 12892
-7.00	15304 12898
-5.00	15304 12953
-1.00	15304 13198
6.00	15304 13232
-13.00	15304 13296
0.00	15304 13303
51.00	15304 13342
371.00	15304 13487
-8.00	15304 13495
26.00	15304 13930
20.00	15304 14100
-19.00	15304 14107
-4.00	15304 14122
-1.00	15304 14307
-4.00	15304 14492
-18.00	15304 14576
25.00	15304 14683
5.00	15304 14730
-6.00	15304 14747
12.00	15304 14843
-8.00	15304 15016
4.00	15304 15356
	15323 10397
-8.00	15356 10397
7.00	15356 11057
-32.00	15356 11697
-15.00	15356 13204
-38.00	15356 13232
	15356 14492
-29.00	15356 15304
-9.00	15370 10397
32.00	15370 11259
-14.00	15370 11292
-15.00	15370 11298
-4.00	15370 11433
-17.00	15370 12191
-7.00	15370 12266
-8.00	15370 12889
7.00	15370 13303
-17.00	15370 13930
-8.00	15370 14107
7.00	15370 14869
32.00	15370 15016
5.00	15376 10397
-14.00	15376 11292
-2.00	15376 11298
-16.00	15376 12266
-12.00	15376 12889
-2.00	15376 12892
-13.00	15376 13232
2.00	15376 13487
-2.00	15376 13930
138.00	15376 14057
-7.00	15376 14107
-9.00	15376 14679
-14.00	15376 14747
-41.00	15376 14771
3.00	15376 14869
-23.00	15380 11433
	15380 13930
-21.00	15389 14869
-9.00	15401 11298
5.00	15411 11298
-21.00	15411 12266
-19.00	15412 10397
-9.00	15412 11292
11.00	15412 11298
-19.00	15412 11618
10.00	15412 12266
-3.00	15412 12953
1.00	15412 13930
-6.00	15582 14869
7.00	15607 10397
37.00	15624 10397
-14.00	15624 11298
7.00	15624 12266
15.00	15841 12819
-11.00	15841 14256
9.00	15919 10397
-8.00	15919 11292
-11.00	15919 11298
-4.00	15919 11618
26.00	15919 12266
-16.00	15919 12953
2.00	15919 13487
18.00	15919 13930
-6.00	15991 10926
-22.00	15991 12523
4.00	16218 14107
