10136 11298	20.00 -8.00 -2.00 -7.00 1.00 28.00 6.00 -3.00 11.00 0.00 29.00  -7.00 -9.00 -6.00 64.00 -1.00 -17.00 3.00 -9.00 -19.00 46.00 -8.00 106.00
10141 13487	-13.00 -9.00 9.00 -12.00 -2.00 -14.00
10158 13577	-10.00 0.00 -7.00
10158 14635	-11.00 -11.00 -30.00 -31.00 2.00 -23.00
10158 15304	-6.00 -13.00 54.00
10165 10299	-19.00 -4.00
10170 10299	-13.00 -10.00 -6.00 -22.00
10185 11298	-10.00 33.00 14.00 11.00 17.00 -15.00 -11.00 3.00 39.00 8.00
10185 12266	-25.00 4.00 -17.00 10.00 33.00 2.00 -18.00
10257 13232	-6.00 -16.00 6.00 -2.00 5.00  -12.00
10257 15304	5.00 7.00 -21.00
10279 11292	11.00 21.00 8.00  171.00 -6.00 48.00
10279 11298	13.00 44.00 -1.00 23.00  24.00 -7.00 12.00 -12.00 -7.00  -3.00 -21.00 23.00 -15.00  15.00 21.00 -16.00 4.00 10.00 -2.00 -17.00 -22.00 -1.00 -21.00
10279 12266	22.00 6.00 74.00 -7.00 9.00 2.00 52.00 -21.00
10299 10165	-43.00
10299 10170	54.00 -11.00 76.00
10299 11292	2.00 5.00 -17.00 -4.00 13.00
10299 11630	-6.00 38.00 -13.00 -21.00 -18.00
10299 12523	-10.00 -3.00 -14.00 -15.00 -12.00 1.00 2.00 -15.00
10299 12758	-48.00 -50.00
10299 13487	-43.00
10299 14057	-11.00 6.00 2.00 -13.00 1.00 -9.00 3.00 -4.00 
10299 14107	-7.00 24.00 -22.00
10299 14709	0.00 -7.00 -9.00 11.00 3.00 -2.00 
10299 14747	-13.00 -12.00 -30.00 -14.00 -14.00 -46.00 3.00 21.00 14.00 138.00 -12.00 11.00 -20.00 -13.00 -27.00 -17.00 -24.00 8.00 -8.00 -15.00 -4.00 -23.00 17.00 -13.00 -7.00 -16.00 15.00 14.00 -21.00 -8.00 -23.00 -7.00 -16.00 -14.00 -22.00 -23.00 2.00 2.00 12.00 -21.00 -17.00 -19.00 -25.00 -12.00 -5.00 -16.00 -13.00 -1.00 9.00 -18.00 -13.00 -16.00 6.00
10372 11292	28.00 -7.00 -6.00 -14.00  17.00 21.00 -11.00 -20.00 -21.00 -1.00 -6.00 -13.00  -14.00 88.00 -10.00 -4.00
10372 11298	467.00 57.00 13.00 -13.00 28.00 3.00 21.00
10372 12266	-14.00 -7.00 -1.00 21.00  47.00 -18.00
10372 13487	109.00
10408 13487	-13.00 -3.00 1.00 -19.00
10529 11278	-12.00 -1.00 -21.00 -12.00 -8.00 
10529 11292	-34.00 -32.00 -4.00
10529 11298	282.00 226.00 24.00 -12.00 27.00 -22.00
10529 12264	-11.00 5.00 -15.00 -4.00 -5.00 -29.00
10529 13232	-17.00 -30.00 39.00 36.00 -9.00
10529 13487	9.00 -20.00 -14.00 -16.00 
10529 14635	-22.00 -13.00 -12.00 -27.00 -25.00 -13.00 -9.00 -9.00
10529 15304	5.00 -13.00 21.00 -1.00 -5.00 -10.00 -15.00 -30.00 -22.00
10561 11292	17.00 -8.00 64.00 -1.00
10561 12266	7.00 4.00 -2.00 3.00 -11.00 -10.00
10561 14107	74.00 4.00 -14.00 8.00  0.00 -16.00 -5.00
10620 11292	 -16.00 -15.00 8.00 -10.00 60.00 -22.00 -13.00 -12.00
10620 13487	1.00
10631 13487	9.00 -33.00 -33.00 2.00 -21.00 -7.00
10666 13830	-18.00
10666 14747	-9.00 12.00 1.00
10693 10721	106.00
10693 10994	-11.00 -15.00 -6.00 -3.00 -9.00 2.00
10693 11193	-6.00 44.00 -14.00 -8.00 16.00 7.00
10693 11278	-16.00 -23.00 -23.00 -16.00 -26.00 -14.00 65.00 -21.00 -14.00
10693 11292	15.00 2.00 -3.00 25.00 -17.00 36.00 -29.00 25.00 31.00 -6.00 -13.00 -9.00 -15.00 -13.00 1.00 42.00 25.00 1.00 -5.00 -6.00 21.00 -5.00
10693 11298	78.00 14.00 6.00 -5.00 -27.00 -18.00 -14.00 -16.00 39.00 35.00 12.00 -4.00 -14.00 -28.00 30.00 -7.00 -20.00 -11.00 -7.00 20.00 63.00 -8.00 40.00 -24.00
10693 11481	-9.00
10693 11618	-8.00 -3.00 69.00 25.00 -9.00 -12.00 1.00 -7.00 -19.00 -5.00 17.00 20.00 -17.00 -18.00 -8.00 -11.00
10693 12264	-17.00 -5.00 0.00
10693 12266	-15.00 -5.00 8.00 5.00 31.00 2.00 3.00 -1.00 7.00 -7.00 7.00 59.00
10693 12451	-2.00 2.00 -4.00 -10.00 95.00 -6.00
10693 13232	-8.00 27.00 3.00 -12.00 206.00 53.00 7.00 -2.00 10.00 17.00  -10.00 15.00 -12.00 85.00 2.00  -17.00  -4.00
10693 13487	-4.00 -10.00 -26.00 26.00 14.00 90.00 6.00
10693 14107	-17.00 -10.00 -10.00 -18.00
10693 14635	30.00 -14.00
10693 14679	7.00 -15.00 -30.00 -5.00
10693 15016	-8.00 77.00 -13.00 36.00 -11.00 -6.00 -4.00 0.00 30.00 -11.00
10693 15304	-18.00 -12.00 -14.00 -1.00 -3.00 -8.00 -3.00 -10.00 -10.00 -15.00
10721 10693	-26.00
10721 10792	-27.00 5.00 -9.00 -9.00 -27.00 -6.00 -23.00
10721 10994	38.00  -11.00
10721 11193	1.00
10721 11278	15.00  4.00 -1.00 -2.00 1.00 26.00 15.00 -17.00 24.00  -6.00 -6.00 -4.00 -20.00 24.00 95.00 -5.00 29.00 2.00 17.00 42.00 -13.00 -3.00 -25.00 -21.00 -18.00 -17.00 -7.00 -12.00 -13.00  7.00 -25.00 -11.00 -14.00  -15.00 9.00 7.00 -9.00 -16.00 12.00 89.00 8.00 44.00 15.00 -13.00 -4.00 27.00 -9.00 -25.00 -37.00 14.00 -15.00 -13.00 -17.00 -11.00 11.00 30.00 4.00 126.00 2.00 -3.00
10721 11292	27.00 7.00 4.00 8.00 -21.00 -40.00 107.00 -16.00  6.00 -36.00 -14.00 -2.00 -5.00 9.00 67.00 -15.00  25.00 44.00 15.00
10721 11298	 -18.00 -10.00 -22.00 -22.00 1.00 -12.00 -19.00  1201.00 -28.00 -39.00 39.00 -32.00 -10.00 -10.00 -8.00 2.00 41.00 -17.00 19.00 83.00 -26.00 -18.00
10721 11618	-22.00 -12.00  31.00 -12.00 6.00 105.00 3.00 -4.00 -22.00 12.00 10.00 -22.00  -1.00 127.00 4.00 -16.00 16.00 -21.00  22.00 -6.00
10721 12264	-14.00 21.00 19.00 20.00 -11.00 -11.00  -22.00 -5.00 -19.00 -13.00
10721 12266	21.00 42.00 -31.00 32.00 -15.00 5.00 60.00 10.00 4.00 -5.00 96.00 -23.00 -49.00
10721 12451	-11.00 -5.00 -7.00 -11.00 -17.00 69.00  76.00
10721 12954	1.00 -9.00
10721 13232	-18.00 -12.00 -11.00 21.00 -24.00 -3.00 -3.00 -20.00 17.00 -9.00
10721 13342	13.00  27.00
10721 13487	-35.00 -29.00 41.00 19.00 -5.00 -20.00 -40.00 -26.00 67.00 -9.00 -28.00 -1.00 3.00 -28.00 -12.00
10721 13577	-8.00 -11.00 16.00
10721 14057	-9.00 25.00
10721 14107	24.00 5.00 -8.00 -34.00 22.00 5.00 196.00 -16.00  -32.00 14.00 -45.00 27.00
10721 14635	-10.00 -21.00 9.00 21.00 19.00 10.00 -3.00 75.00 -2.00 5.00  61.00 -3.00 -11.00 9.00 22.00 -12.00 60.00
10721 14679	-45.00 -11.00 -9.00 -21.00 26.00
10721 14747	28.00 -36.00 -29.00 -17.00  30.00 -3.00 64.00 -42.00  47.00 67.00 
10721 14831	14.00
10721 15016	 10.00 8.00 2.00  33.00
10721 15304	-19.00 144.00 -2.00 -11.00 70.00 6.00 14.00 -5.00 96.00 108.00
10732 11618	7.00 105.00
10747 11298	-11.00 25.00 -5.00 -16.00 -5.00 -13.00 27.00 -24.00
10747 12266	-5.00 -9.00 -10.00 -14.00 -8.00 -9.00 14.00 1.00 -14.00 -5.00 1.00
10754 10299	-4.00 -2.00 -4.00 3.00
10754 11630	-5.00
10754 14709	-8.00 12.00 -20.00 -15.00 -1.00
10781 11298	-13.00 22.00 5.00 174.00 -20.00 84.00 141.00 13.00 5.00 68.00 3.00 -5.00 8.00 -8.00 0.00 4.00 6.00 -9.00 -8.00 -9.00 -16.00 62.00 44.00
10781 12266	-19.00 5.00 -1.00 16.00 -4.00 -2.00 9.00 11.00 -8.00 -3.00 -6.00 -5.00 -19.00 4.00 -5.00 -12.00 -10.00 -6.00
10792 10721	-9.00 -7.00 -30.00 -20.00 -24.00 -6.00 -25.00   -4.00
10792 11618	-5.00 -24.00 -36.00
10792 12264	-11.00 20.00 -8.00 -6.00
10792 13232	12.00 -33.00 3.00 7.00 -21.00 28.00 -20.00 -16.00 92.00 7.00 20.00
10792 14107	-28.00 -14.00 -25.00 -6.00
10792 15304	-9.00 -19.00 -26.00 26.00 0.00 -25.00
10800 11292	-15.00 33.00 -8.00 36.00 373.00 -6.00 -11.00 223.00 -16.00 -11.00
10800 14057	-17.00 -8.00 -36.00 9.00 -20.00 5.00 -29.00 -25.00
10800 14107	-8.00 21.00 -4.00 161.00 4.00 54.00 -8.00 16.00 6.00 27.00 -7.00 -3.00 -1.00 9.00 -8.00 -8.00
10800 14747	115.00 -21.00 5.00 -8.00 -6.00 16.00 -16.00 -6.00 120.00 -12.00 0.00
10800 14831	-9.00  -13.00 -8.00 -4.00 23.00 -13.00 -8.00 7.00 22.00 -7.00 123.00 -8.00 -2.00 12.00 -10.00 -7.00 -1.00 -13.00
10800 14893	-3.00 -7.00 11.00 -5.00 -2.00 0.00 36.00 -14.00 -9.00 -10.00 0.00  20.00  -2.00 -2.00 3.00 86.00 6.00
10868 11298	-10.00 -23.00 3.00 10.00 2.00 65.00 21.00 4.00 129.00 
10868 12264	-18.00 -26.00 153.00 -25.00 104.00 -19.00 -19.00 2.00
10868 12266	6.00 -18.00 -3.00 83.00
10994 10693	96.00 24.00 -2.00
10994 10721	92.00 -2.00 -10.00
10994 11278	-12.00 27.00 16.00 -9.00 -5.00 163.00
10994 11298	-13.00 15.00 64.00 -7.00
10994 11618	 4.00  5.00 -5.00 -27.00 -15.00 0.00
10994 12264	45.00
10994 12266	4.00 -11.00 -4.00 -12.00 -20.00 -7.00 -5.00
10994 13232	-13.00 1.00 -18.00 -6.00
11003 11292	-6.00 0.00 -4.00 79.00 19.00 101.00 284.00
11003 11298	-13.00 -16.00 -3.00 0.00 25.00 -20.00 374.00 11.00 42.00 84.00 9.00 0.00 -12.00
11003 13487	-13.00 -9.00 -31.00 1.00
11049 11298	  -4.00 13.00 -19.00 12.00 -5.00 -21.00 47.00 -13.00 -7.00 -3.00 -15.00 -10.00
11049 12266	-6.00 -11.00 13.00 -9.00
11067 11298	-24.00 -19.00 17.00
11111 11298	-10.00 32.00 -26.00  -30.00 -20.00 -3.00 30.00
11122 11292	-1.00 38.00 -6.00 -21.00 -15.00 -24.00 -15.00 -20.00 412.00 -16.00 1.00
11140 11298	5.00 78.00 13.00 -6.00 84.00 29.00 17.00 -11.00 47.00 -13.00 -12.00 3.00 -5.00 -13.00 4.00 -2.00 56.00 -12.00 -1.00 75.00 12.00 2.00 71.00 14.00
11140 12266	-7.00 -10.00 -7.00 -6.00 -2.00 -17.00 1.00 39.00 1.00 -23.00 2.00 -15.00 -4.00 -12.00 39.00 7.00 -12.00 -4.00 -7.00 -15.00
11146 11298	235.00 32.00 -15.00 -26.00
11146 12266	27.00 -15.00
11193 10693	-15.00 -6.00 -17.00 -17.00
11193 10721	 46.00
11193 11292	121.00 42.00 -22.00 1.00 0.00
11193 11298	-17.00 8.00 -19.00 9.00 -15.00 9.00 -14.00 16.00 67.00 -26.00 -26.00 22.00 31.00 42.00 9.00 16.00 14.00 11.00
11193 11618	 -2.00 43.00 -8.00 23.00 -17.00 -31.00 -5.00 -20.00 167.00 -19.00
11193 11986	-9.00 -29.00 -16.00 -10.00 -20.00
11193 12266	-24.00 6.00 -9.00 -10.00 -8.00 -5.00 -6.00 -13.00 -9.00  14.00 2.00
11193 13342	84.00 -8.00
11193 13485	4.00 40.00
11193 13487	20.00 -3.00 25.00 8.00 -11.00 -11.00
11193 14107	-28.00 7.00 -20.00
11193 14635	-23.00 -32.00
11193 15016	-12.00 79.00 -8.00
11193 15304	-19.00
11267 11292	-14.00 43.00
11267 11298	-19.00 1.00 -2.00 -3.00 -13.00 32.00 -38.00 13.00 -39.00
11267 11618	2.00 -6.00 -14.00 -11.00 -14.00 -25.00
11267 13487	14.00 14.00
11278 10529	-3.00 -16.00 -9.00 -5.00 34.00 -27.00
11278 10693	 -5.00 -4.00 -29.00 -15.00 -26.00 -8.00 -25.00
11278 10721	88.00 115.00 -7.00 26.00 9.00 47.00 23.00 -4.00 -3.00 18.00 25.00 35.00 179.00 -15.00 -14.00 13.00 10.00 -11.00 -10.00 9.00 -4.00 6.00 -21.00 -2.00 -3.00 2.00 -16.00 8.00 -1.00 7.00 -10.00 -2.00 -17.00 33.00 -10.00 -14.00 -13.00 -5.00 -7.00 -7.00 11.00 2.00 -6.00 14.00 -8.00 -27.00 -2.00 -15.00 116.00 18.00 -3.00 -21.00 -10.00   -2.00 -22.00 -4.00  -9.00 -5.00 10.00 8.00 -14.00 -1.00 -9.00 -19.00 4.00 -10.00 28.00 158.00 -25.00
11278 10994	-4.00 -11.00 18.00 1.00 -9.00
11278 11292	-5.00 1.00 24.00 -12.00 -23.00 10.00
11278 11298	-20.00 -27.00 -13.00 11.00 25.00 -8.00 57.00 26.00 -15.00 41.00 6.00 3.00 182.00 -11.00 -16.00 -18.00 -11.00 -2.00 4.00 -17.00 58.00 1.00  -7.00 6.00 -2.00 0.00 -15.00 -11.00 17.00 67.00
11278 11618	-17.00 219.00 -18.00 86.00 22.00 -16.00 151.00 34.00  -22.00  9.00 45.00
11278 12266	52.00 -13.00 -29.00 3.00 4.00 16.00 -21.00 -7.00 10.00 4.00 -13.00 -27.00 -4.00 -11.00 -23.00 -11.00 117.00 -22.00
11278 12451	-21.00 -8.00 0.00 3.00 17.00 -9.00
11278 13232	71.00 -5.00 -34.00 30.00 -25.00 -13.00 17.00   -33.00 -24.00 5.00 -24.00 -18.00 -6.00 -16.00 -30.00 14.00 29.00  -30.00 -7.00 -20.00 -14.00
11278 13342	-4.00 1.00 -20.00 -7.00 -10.00 -4.00 -24.00 -2.00 -31.00
11278 13487	-21.00 -23.00 -8.00 -9.00 23.00 0.00 -26.00 -1.00 -3.00 -29.00 -18.00 -18.00 -21.00 -16.00 -24.00 13.00 -26.00 -16.00
11278 14057	44.00 -27.00 55.00 -44.00 14.00
11278 14107	10.00 -2.00 4.00 -59.00 -13.00 -8.00 -3.00 -10.00 7.00
11278 14635	-7.00 -30.00 -5.00 -24.00 25.00 7.00 -21.00 -20.00 -20.00 1.00
11278 14747	-26.00 -30.00 -18.00 -29.00
11278 15016	-6.00 -13.00 11.00 -32.00 -17.00 -18.00 -17.00 11.00 -12.00 -4.00 -9.00 
11278 15304	-18.00 52.00 -3.00 -15.00 28.00 148.00 13.00 -26.00 1.00 -6.00 -8.00 -4.00 9.00 -28.00 63.00 -20.00 -17.00 3.00 -9.00 -6.00 -20.00 0.00 -17.00 -5.00
11292 10279	-3.00 9.00 -8.00 21.00 -6.00 2.00
11292 10299	41.00 53.00 48.00 30.00 28.00
11292 10372	-3.00 56.00 8.00 9.00 41.00 34.00 37.00 36.00 88.00 5.00 -11.00 69.00 41.00 10.00 -9.00 -8.00 69.00
11292 10529	10.00 2.00 32.00
11292 10561	75.00 30.00 -14.00 38.00 -14.00 96.00
11292 10620	6.00 55.00 51.00 -8.00 5.00 58.00 
11292 10693	-25.00 9.00 -10.00 10.00 -2.00 47.00 0.00 11.00 -12.00 -6.00 1.00 18.00 7.00 3.00 108.00 -11.00 37.00 3.00
11292 10721	 -22.00 -16.00 12.00 -23.00 -14.00 6.00 13.00 13.00 -2.00 1.00 5.00 13.00 158.00 13.00
11292 10800	11.00 45.00 -26.00 -25.00 -5.00 -4.00 192.00 81.00 -2.00 -22.00 -18.00 -5.00 161.00 38.00
11292 11003	8.00 109.00 -16.00 5.00 46.00
11292 11122	-2.00 98.00 2.00 -16.00 -6.00 5.00 -5.00 26.00 -24.00 -6.00 -7.00
11292 11193	57.00 107.00 16.00 28.00 -17.00 -8.00
11292 11267	10.00 -9.00 -2.00 0.00 -4.00 -18.00
11292 11278	2.00 10.00 -1.00 0.00 1.00 14.00 32.00 170.00 9.00 -5.00 -19.00 25.00
11292 11298	71.00 28.00 -17.00 -13.00  -14.00 -9.00 52.00 8.00 -11.00 -16.00 15.00 -13.00 302.00 78.00 -13.00 -15.00 31.00 4.00 -11.00 0.00 38.00 95.00 34.00 -6.00 2.00 20.00 3.00 39.00 3.00 -18.00 -1.00 3.00 3.00 -7.00 -17.00 -19.00 46.00 -12.00 -14.00 36.00 81.00 -11.00 -11.00 -5.00 -11.00 10.00 22.00 48.00 84.00 -14.00 -18.00
11292 11315	175.00 -15.00 5.00 29.00 -13.00
11292 11423	-17.00 -6.00 3.00 -8.00 1.00 -5.00 -7.00
11292 11540	63.00 35.00 33.00 -10.00 19.00 -11.00 -21.00 104.00
11292 11603	5.00 0.00 37.00 48.00 -3.00 27.00
11292 11618	49.00 -4.00 5.00 14.00 75.00 -13.00  -23.00  141.00 117.00 -21.00 0.00 -18.00 -1.00 100.00 -11.00
11292 11638	16.00 -9.00 27.00 46.00 3.00 57.00
11292 11775	17.00 2.00 -7.00 125.00 44.00 -10.00 120.00 -3.00 165.00 20.00 61.00 26.00 -26.00 61.00 -6.00
11292 11865	-14.00 8.00 -5.00 42.00 56.00 28.00
11292 11986	24.00 -18.00 2.00
11292 11995	-6.00
11292 12156	6.00 -9.00 -19.00 28.00
11292 12217	19.00 -3.00
11292 12255	-24.00 -8.00 15.00 13.00 -1.00
11292 12264	-13.00 15.00 28.00 -3.00 15.00 29.00 22.00 0.00 0.00 -7.00 8.00 -1.00 15.00 35.00 -8.00 -4.00 -12.00 7.00 4.00 -18.00 0.00 6.00 -6.00 -3.00 30.00 -6.00 123.00 -4.00 -8.00  -23.00 -12.00 36.00 -3.00 10.00
11292 12266	18.00 21.00 -15.00 -4.00 25.00 -14.00 37.00 -2.00 5.00 -4.00 18.00 21.00 15.00 13.00 85.00 -7.00 11.00 16.00 1.00 -16.00 -6.00 -9.00 18.00 11.00 8.00 -15.00 -1.00 4.00 29.00 130.00 33.00 95.00 31.00 75.00 56.00 20.00 35.00 1.00
11292 12280	94.00 66.00 3.00 15.00 28.00  -7.00
11292 12389	43.00 -10.00 89.00 2.00 24.00 10.00 3.00  52.00 24.00 55.00 26.00
11292 12451	-5.00 -13.00 -2.00
11292 12758	-33.00
11292 12888	-8.00 -6.00 -8.00 49.00 161.00 -2.00 -3.00
11292 12992	-12.00 -11.00 32.00 -4.00 101.00 -1.00 68.00 4.00
11292 13029	-11.00 3.00 -1.00 123.00 8.00 -11.00 13.00 36.00
11292 13230	4.00
11292 13232	-10.00 -13.00 49.00 18.00 4.00 23.00 -19.00 -9.00 47.00 -20.00  -18.00 -9.00 -13.00 -14.00 -15.00 19.00 5.00 -13.00 -13.00 -18.00 5.00 -12.00 101.00
11292 13342	-11.00 -4.00 -12.00 -17.00 -9.00 18.00 17.00 37.00  83.00 14.00 -10.00 20.00 -6.00 27.00 -7.00 84.00 2.00 11.00
11292 13485	73.00 -10.00 -4.00 -3.00 9.00 92.00
11292 13487	23.00 -14.00 -18.00 122.00 -24.00 -3.00 -18.00 13.00 -9.00 91.00 61.00 -17.00 5.00 44.00 -1.00 -18.00 -11.00 42.00 -23.00 9.00 3.00 7.00 20.00 20.00 -14.00 18.00 -16.00 91.00 -24.00 89.00 -8.00
11292 13502	-2.00 -14.00 -1.00 -10.00 -4.00 22.00
11292 13830	-13.00 -22.00 98.00
11292 14057	-8.00 35.00 -27.00 6.00 90.00 -4.00 -2.00 -8.00 17.00 1.00 -28.00 -33.00 -6.00 -11.00 -21.00 70.00  13.00 -17.00 4.00 37.00 -12.00 -4.00 143.00 -7.00 -13.00
11292 14107	-10.00 -17.00 101.00 16.00 -18.00 102.00 74.00 -5.00 4.00 -9.00 -7.00 59.00 11.00 -3.00 -22.00 -11.00 -19.00 -4.00 -18.00 -18.00 -13.00 0.00 -8.00 -31.00 1.00 -5.00 4.00 -25.00 -10.00 210.00 26.00 -3.00 -7.00 -19.00 1.00 -13.00 20.00 -5.00 -33.00 -12.00 35.00 -18.00 -8.00 68.00 -7.00 88.00 -6.00 -12.00 55.00 38.00 -7.00 -20.00 -2.00 7.00 -9.00 -8.00 0.00 15.00 -19.00 -11.00 -24.00 -14.00 -10.00
11292 14262	14.00 -2.00 67.00 6.00 6.00 31.00 2.00 -3.00 4.00 74.00
11292 14288	4.00 -9.00 -10.00 59.00 -15.00 15.00
11292 14457	15.00 -2.00
11292 14543	-21.00 138.00 -7.00 0.00 4.00 12.00 -25.00
11292 14570	-13.00 -18.00 32.00 -6.00 -14.00 0.00 83.00 -17.00 4.00 29.00 86.00 0.00 -4.00 0.00 -18.00 -33.00
11292 14635	-22.00 -22.00 7.00 -3.00 -16.00 -17.00 -17.00 36.00 -17.00
11292 14679	27.00 -19.00 32.00 4.00 2.00 16.00 79.00 -23.00 -22.00 2.00 24.00 -17.00 -9.00 29.00 -19.00 8.00 -32.00 106.00 1.00 -13.00 25.00 3.00 -2.00 -6.00 10.00 -2.00 22.00 -14.00
11292 14730	1.00 16.00 23.00
11292 14747	34.00 -2.00 61.00 11.00 -2.00 61.00 -30.00 13.00 -17.00 7.00 -34.00 -18.00 -5.00 39.00 -5.00 18.00 -7.00 8.00 -36.00 -15.00 -10.00 56.00 1.00 1.00 -1.00 -22.00 -3.00 9.00 11.00 -10.00 5.00 -17.00 14.00 -15.00 77.00 -21.00 40.00 80.00
11292 14783	-4.00 223.00 -22.00 5.00 83.00
11292 14794	27.00 -13.00 -5.00
11292 14831	2.00 -7.00  54.00 -14.00 -13.00 -5.00 -19.00 -1.00 10.00 33.00
11292 14893	24.00 -6.00 -10.00 -12.00 -9.00 -25.00 -9.00 77.00 -15.00 -9.00 -7.00 4.00 17.00 32.00 110.00 9.00 -20.00 -4.00 17.00 40.00 -17.00 -11.00 -10.00 -17.00
11292 15016	-9.00 -15.00 -13.00 5.00 114.00 0.00 -9.00 11.00 2.00 32.00 -5.00 14.00 146.00 -9.00
11292 15041	13.00
11292 15304	-5.00 -13.00 14.00 -2.00 16.00 31.00 -11.00 8.00 -10.00 50.00 15.00 -10.00
11292 15412	0.00 -14.00 -7.00 -6.00
11292 15919	-14.00 -19.00 -10.00
11298 10136	-13.00 76.00 -8.00 37.00  -6.00 -3.00 10.00 -11.00 7.00 22.00 -4.00 -10.00 7.00 29.00 0.00 -2.00 3.00 1.00 -8.00 -6.00 14.00 0.00 -12.00
11298 10185	-5.00 -5.00 13.00 17.00 -7.00 -15.00 -6.00 55.00
11298 10279	-6.00 58.00 -6.00 -5.00 71.00 6.00  8.00 -13.00 80.00 95.00 -14.00 40.00 31.00 -2.00  -7.00 -8.00 38.00 39.00 57.00 -1.00 12.00
11298 10372	-19.00 45.00 -9.00 11.00 -20.00 20.00
11298 10529	11.00 1.00 8.00 28.00  9.00
11298 10693	28.00 84.00 -7.00 -11.00  6.00 -10.00 -7.00 -11.00 -4.00  -10.00 -1.00 34.00 -14.00 -8.00 73.00 2.00 39.00 27.00 49.00 -11.00 9.00
11298 10721	8.00 23.00 -6.00 -6.00 -11.00 0.00 2.00 5.00 -1.00 -8.00 12.00 13.00 -5.00 23.00 -6.00 0.00 -29.00 53.00 -4.00 1.00 -2.00  
11298 10747	20.00 -7.00 -10.00 -8.00 -9.00 -5.00 -3.00 -6.00 -9.00
11298 10781	152.00 63.00 62.00 35.00 1.00 -5.00 -5.00 0.00 -4.00  -1.00 54.00 -3.00 -8.00  -6.00 -9.00 -8.00 6.00 0.00 -16.00 5.00 73.00 -13.00 8.00 -2.00
11298 10868	18.00 6.00 4.00 6.00 5.00 41.00 9.00 -1.00
11298 10994	-4.00 -3.00 8.00 -11.00 4.00 31.00
11298 11003	90.00 46.00 57.00 9.00 6.00 43.00 38.00 -15.00 -15.00 93.00 19.00 9.00
11298 11049	-10.00 2.00 1.00 38.00 -9.00 -7.00 24.00 -11.00 -3.00 4.00 18.00 16.00 21.00 40.00 11.00 5.00
11298 11067	6.00 -7.00 27.00
11298 11111	-5.00 -10.00 48.00 -1.00 -1.00
11298 11140	6.00 26.00 22.00 -2.00 0.00  0.00 17.00 6.00 32.00 3.00 34.00 9.00 7.00 3.00 5.00 15.00 72.00 -14.00 -7.00 39.00 -9.00 -5.00 13.00
11298 11146	12.00 6.00
11298 11193	-8.00 8.00 -1.00 -2.00 -9.00 -4.00 128.00 8.00 4.00 -13.00 -17.00 36.00 -5.00 -12.00 -1.00 76.00 0.00 0.00 23.00 23.00 10.00 13.00 2.00
11298 11267	-20.00 -21.00 16.00 -14.00 4.00 9.00 -6.00 -13.00 2.00 -8.00
11298 11278	-7.00 -9.00 -8.00 -3.00 -9.00 12.00 -5.00 11.00 -11.00  -2.00 -13.00 36.00 -26.00 -16.00 13.00 13.00 4.00 -7.00 3.00 8.00 -18.00 10.00 -2.00 -18.00 -4.00 34.00 3.00
11298 11292	-8.00 -9.00 -7.00 -5.00 -9.00 95.00 -2.00 -8.00 2.00 0.00 9.00 -15.00 -16.00 -8.00 129.00 199.00 59.00 61.00 -23.00 19.00 0.00 -16.00 -16.00 -8.00 -4.00 -15.00 -10.00 -7.00 29.00 -18.00 52.00 -15.00 -16.00 2.00 -7.00 -15.00 -4.00 -24.00 26.00 17.00 -1.00 14.00 -18.00 -15.00 -14.00 64.00 1.00 1.00 -1.00 -2.00 36.00 -1.00 69.00 -2.00 -27.00
11298 11423	-7.00 13.00 8.00 -16.00 6.00 0.00 -8.00 -4.00  12.00 167.00 -8.00 8.00 33.00
11298 11540	-20.00 -11.00 15.00 86.00 -4.00 -3.00 -3.00 -3.00 10.00 13.00 -3.00 140.00 -7.00
11298 11612	-6.00 6.00
11298 11618	-2.00 -1.00 103.00  -6.00 132.00 25.00 -25.00 7.00 -12.00 92.00 -17.00 9.00 -8.00 -12.00 7.00 22.00 16.00 9.00 26.00 19.00 4.00
11298 11638	45.00 74.00 -24.00 -10.00 -2.00
11298 11775	57.00 2.00 -12.00 1.00 -10.00 55.00 49.00 22.00 2.00 6.00
11298 11823	-4.00 11.00 33.00 -8.00 71.00 
11298 11867	-12.00 -10.00 22.00 -5.00 -3.00 -1.00
11298 11973	104.00 -9.00 -15.00 11.00 -1.00 21.00 25.00 37.00 -6.00 -14.00
11298 11980	-9.00 7.00 5.00 9.00 -1.00 38.00
11298 11982	7.00 5.00 4.00 42.00 0.00 38.00 -4.00 -2.00 7.00 -6.00 3.00 -12.00 6.00 -10.00 6.00 69.00 -9.00 -4.00 6.00 20.00 -2.00 -7.00 -7.00 0.00 6.00 -12.00 -9.00
11298 11986	64.00 -4.00 17.00 17.00 -4.00 11.00 3.00 42.00 20.00 5.00 39.00 95.00
11298 11995	8.00 1.00 -3.00 -11.00 4.00 12.00 109.00 11.00
11298 12217	-7.00 -3.00 20.00 3.00 69.00 -3.00 -6.00
11298 12264	31.00 10.00 13.00 19.00 29.00 -12.00 -6.00 -3.00 -7.00
11298 12266	9.00 4.00 5.00 -8.00 -4.00 2.00 67.00 -1.00 4.00 -14.00 27.00 -4.00 41.00 -9.00 30.00 -16.00 204.00 -12.00 -11.00 1.00 -10.00 -2.00 -17.00 14.00 60.00 11.00 72.00 -10.00 21.00 -16.00 8.00 13.00 38.00 -15.00 -7.00 43.00 44.00 -17.00 29.00 -2.00 -17.00 7.00 -3.00
11298 12448	19.00 -3.00 7.00 56.00 93.00 -3.00 7.00 4.00 14.00 -1.00 -2.00 47.00 -4.00 -3.00 -5.00 72.00 5.00 -3.00 28.00 -9.00 3.00 6.00
11298 12451	19.00 -7.00 41.00 -11.00 -12.00 1.00 -4.00 99.00 8.00 -10.00 -11.00 -9.00
11298 12891	12.00 -4.00 -13.00 -12.00 39.00  10.00 -10.00 -4.00 35.00 -8.00 -4.00 45.00
11298 12945	-6.00 3.00 0.00 24.00 -11.00 15.00 125.00 -8.00 9.00 43.00
11298 12992	48.00 -13.00 -3.00 -3.00 -7.00 -1.00 12.00 7.00 -9.00 6.00  -11.00 2.00 -6.00
11298 13061	-14.00 56.00 19.00 32.00 5.00 20.00 -2.00 -12.00 -12.00 9.00 15.00
11298 13241	-16.00 11.00 -1.00 -7.00 12.00 -9.00
11298 13256	126.00 -6.00 -1.00 -13.00 90.00 89.00 70.00 5.00 -19.00 -12.00 1.00 37.00 0.00 -13.00 -13.00 65.00
11298 13290	-2.00 16.00 -6.00 -5.00 6.00 -5.00 -2.00 111.00 4.00
11298 13342	30.00 27.00 3.00 11.00 -18.00 -17.00 -16.00 11.00 10.00 -4.00 4.00
11298 13377	56.00 40.00 115.00 46.00 30.00 7.00 12.00 -6.00 -1.00
11298 13485	-1.00 0.00 -9.00 32.00 28.00 -5.00 26.00 -4.00 -4.00 -7.00 15.00 -11.00
11298 13487	44.00 12.00 -14.00 -1.00 13.00 0.00 -8.00 3.00 -1.00 11.00 19.00 -18.00 14.00 2.00 -5.00 61.00 -11.00 51.00 1.00 26.00 112.00 -19.00 -23.00 -17.00 -16.00 -15.00 1.00
11298 13502	38.00
11298 13830	261.00 3.00 -24.00 -9.00
11298 13931	8.00 53.00 -9.00 8.00 15.00 -2.00
11298 14057	-1.00  31.00 25.00 -12.00 -3.00 -17.00 -14.00 0.00 2.00 39.00 7.00 -14.00
11298 14107	-24.00 -8.00 -3.00 3.00 16.00 -7.00 3.00 -8.00 -10.00 -16.00 179.00 -23.00 -6.00 5.00 9.00 -1.00 3.00 1.00 -4.00 14.00 32.00 2.00 -10.00 498.00 -7.00 -19.00 -11.00 4.00 -19.00 -15.00 -12.00 -6.00 22.00 34.00 -1.00 -18.00 -12.00 6.00 19.00 9.00 -15.00 -18.00
11298 14262	41.00 12.00 4.00 -18.00 -13.00 -19.00 60.00 18.00 2.00 -7.00
11298 14457	-23.00 108.00 -17.00  7.00 -1.00
11298 14570	-6.00 10.00 -24.00 3.00 27.00 13.00 -15.00 -3.00
11298 14635	-11.00 -6.00 13.00 -6.00 -2.00 -22.00 96.00 -18.00 75.00 -20.00 1.00 -20.00
11298 14679	-18.00 9.00 3.00 -15.00 24.00 -2.00 -5.00 -5.00 -2.00 -16.00 48.00 -15.00 1.00 28.00 -24.00 3.00 71.00 5.00 13.00 -8.00 -7.00 12.00 4.00 -10.00 -11.00 17.00 39.00 -25.00 66.00
11298 14730	13.00 96.00 -9.00
11298 14747	-3.00 -28.00 -1.00 -18.00 89.00 -8.00 92.00 3.00 137.00 -2.00 -11.00 -12.00 -9.00 23.00 -17.00 -2.00 -34.00 -1.00 -6.00 -12.00 1.00 -30.00 -2.00 11.00 -23.00 24.00 -25.00
11298 14783	29.00 -7.00 52.00 -7.00 -2.00 -17.00 63.00 99.00 -14.00 -1.00 16.00 12.00 -12.00 32.00 -7.00 0.00 -4.00 -8.00 23.00 -5.00 -8.00 3.00 15.00
11298 14831	-22.00 -15.00 -18.00 -16.00 37.00 -33.00 -6.00 -1.00 -25.00 -4.00 169.00 56.00 15.00 -15.00 -18.00
11298 14842	4.00 -6.00 15.00 31.00 -6.00 -2.00 -9.00 0.00 35.00 2.00 5.00 -5.00 -5.00 -3.00
11298 14893	-25.00 -3.00 -27.00 -24.00 -18.00 46.00 -7.00 -22.00 -16.00 -23.00 -18.00
11298 14952	-1.00 38.00 -6.00
11298 15016	141.00 -10.00 -21.00 2.00 9.00 1.00 -12.00 -6.00 1.00 4.00 5.00 3.00 95.00 26.00 -18.00 16.00 -3.00 -11.00 -19.00 -9.00 -3.00 -9.00 -12.00 -11.00 -5.00
11298 15249	4.00 55.00 3.00 -8.00 -4.00 1.00
11298 15304	33.00 -12.00 10.00 -8.00 0.00 11.00 -6.00 -8.00 -1.00 5.00 8.00 54.00 -15.00 1.00 8.00 43.00 8.00 10.00 9.00 0.00 -9.00 513.00 121.00 4.00
11298 15401	12.00 -10.00 -3.00 -6.00 -3.00 -8.00 -8.00 
11298 15412	13.00 12.00 -6.00 13.00 -1.00 5.00 139.00 0.00 5.00 -7.00 30.00 6.00 239.00 15.00
11298 15919	2.00 2.00 20.00 89.00 6.00 0.00 95.00 116.00 -2.00 -8.00 -8.00 -4.00 7.00 -4.00 -6.00 -3.00 -3.00 0.00 34.00 -3.00
11315 11292	22.00 -16.00 -1.00 -25.00 -37.00 -24.00
11315 13487	-11.00 3.00  -20.00 -29.00 5.00
11337 13487	-16.00 -17.00 -16.00 -14.00 58.00 -19.00 16.00
11423 11292	1.00 -29.00 100.00 33.00 -8.00 -7.00 -10.00 9.00 45.00
11423 11298	-33.00 -4.00 5.00 -1.00 -6.00  162.00 -16.00 25.00 16.00 -3.00 -22.00 0.00  -13.00 3.00 -12.00
11423 12266	-30.00 -21.00 17.00 -24.00 -34.00 23.00
11423 13232	-7.00 -22.00 -1.00 -15.00 -3.00 -17.00 -11.00 40.00 -13.00
11423 13487	-2.00 0.00 98.00 -12.00 -8.00
11447 11292	59.00 -8.00 -6.00
11481 10693	-14.00 -10.00 -2.00 -1.00 -1.00 -1.00
11540 11292	-12.00 -31.00 83.00 -22.00 -31.00 -20.00 16.00 138.00 40.00
11540 11298	-2.00 -16.00 -15.00 0.00 18.00 5.00 -14.00 -15.00 20.00 26.00 9.00
11540 12266	-24.00 -11.00 40.00 3.00 -21.00 59.00 -15.00 169.00 5.00 -18.00 -13.00 -19.00 6.00 2.00 -4.00 -10.00 -32.00 -21.00 -21.00
11540 14107	-2.00 -3.00 -5.00 39.00 -5.00 64.00 -1.00 -16.00 -1.00 -8.00 -10.00 -5.00 148.00 20.00 95.00 -4.00
11603 11292	-17.00 -24.00 -14.00  9.00 -9.00 2.00 21.00
11612 11298	-3.00 17.00 -11.00 204.00
11618 10693	-9.00 -12.00 -17.00 -7.00 5.00 13.00 -2.00 -14.00 11.00 42.00 0.00 -10.00 -24.00 -16.00 11.00 -8.00 -6.00  -13.00
11618 10721	-7.00 0.00 -16.00 -5.00  106.00 -25.00 17.00 -4.00 -15.00  8.00 93.00  -2.00 -15.00 25.00 282.00 -14.00 -31.00 -5.00 63.00 -17.00 -9.00 -15.00 3.00 -10.00   -6.00 -18.00 96.00 -3.00 -10.00
11618 10732	5.00 -8.00 109.00 -31.00 -23.00 3.00
11618 10785	-15.00
11618 10792	0.00 83.00 24.00 -12.00
11618 10994	1.00 1.00 -5.00 31.00 -14.00 -5.00
11618 11193	-16.00 1.00 -10.00  -7.00 12.00 -13.00 13.00 11.00 65.00   164.00 -9.00
11618 11267	4.00  -20.00 4.00 -7.00
11618 11278	41.00 7.00 -1.00 0.00 36.00  -7.00 30.00 11.00 6.00 38.00 18.00 20.00
11618 11292	14.00 -24.00 -19.00 -17.00 -47.00 45.00 -30.00 -6.00 -1.00 -32.00 1.00 1.00 27.00 -2.00 12.00 0.00 -15.00 -15.00 12.00 -12.00 -17.00 -25.00 8.00 26.00 -5.00 -29.00 -14.00
11618 11298	-7.00 -29.00 56.00 -15.00 5.00 13.00 9.00 -30.00 -9.00 14.00 145.00 -47.00  -26.00 -20.00 -16.00 -1.00 87.00 -3.00 27.00 -19.00  -8.00 99.00 1125.00 45.00
11618 11423	21.00
11618 11986	-1.00 32.00 -9.00 -7.00
11618 11995	-11.00 -21.00 9.00 67.00 14.00 -3.00 7.00
11618 12264	3.00 4.00 -13.00 -7.00 -2.00 48.00 -9.00 33.00 -4.00 -10.00 29.00
11618 12266	-12.00 -2.00 49.00  25.00 -37.00 -28.00 10.00 -8.00 13.00 56.00 -24.00 -9.00 -5.00 12.00 59.00 5.00 -1.00 22.00 -32.00 -16.00 -17.00 -10.00 -40.00 -22.00 2.00 9.00 -11.00 15.00
11618 12451	3.00 32.00   -14.00 -3.00 -10.00 5.00 18.00
11618 13232	10.00  -36.00  -18.00 -28.00 23.00 -12.00 -13.00  -18.00 -6.00 -32.00 91.00
11618 13296	-11.00 -18.00  -28.00 47.00 31.00
11618 13342	9.00 -14.00 -25.00 50.00 -6.00 11.00
11618 13485	11.00 -3.00
11618 13487	-16.00  -26.00 -26.00 20.00 -4.00 -5.00 3.00 36.00 -6.00 62.00 -24.00 -22.00
11618 13502	-3.00
11618 13931	-22.00 -9.00  14.00 -9.00  -4.00
11618 14057	8.00  14.00 -21.00
11618 14107	-18.00 -4.00 -12.00 -5.00 -40.00 -12.00 -14.00 -8.00 -2.00 11.00 -25.00 -15.00 97.00 -1.00 -9.00 -20.00 37.00 -19.00 0.00 9.00 -14.00 -14.00 -12.00 56.00
11618 14307	-14.00  -7.00 -13.00 30.00 70.00 -10.00
11618 14321	-7.00
11618 14576	-8.00 5.00 -8.00 -13.00
11618 14635	 49.00 -11.00 -21.00 64.00 -8.00 132.00 -1.00 -31.00 -6.00 -19.00
11618 14679	1.00 -40.00 13.00 0.00 -16.00 -28.00
11618 14730	29.00 -4.00 13.00 113.00
11618 14747	-33.00 -6.00 20.00 -43.00 -50.00 -2.00 -12.00 -7.00 -13.00 16.00 -25.00 -20.00 -38.00 12.00
11618 15016	13.00 -18.00 10.00 1.00  16.00 -4.00  -7.00 -22.00 8.00 3.00 -26.00 -10.00 23.00 -8.00
11618 15096	-21.00  -12.00
11618 15304	6.00 21.00 4.00 49.00 -7.00 -23.00 7.00 164.00 -14.00 -19.00 168.00 17.00 10.00 -8.00 -7.00 -19.00 -18.00 -16.00 -7.00 -18.00  -9.00 -4.00 26.00
11618 15412	32.00 25.00
11618 15919	-12.00 6.00 
11630 10299	69.00 -13.00 -18.00 -7.00 -7.00
11630 14747	25.00 -7.00 0.00 16.00 -1.00 -19.00 -10.00 -12.00 6.00 -8.00 2.00
11638 11292	21.00 7.00 6.00 5.00 -6.00 132.00
11638 11298	-7.00 958.00 6.00 32.00
11638 14107	-14.00 58.00 -16.00 -15.00 -14.00 -5.00
11638 14747	-15.00  45.00 -11.00  -11.00 2.00
11775 11292	159.00 -25.00 -29.00 6.00 -12.00 5.00 1.00 -12.00 -9.00 63.00 -16.00 -3.00 21.00 -19.00
11775 11298	-12.00 124.00 27.00 224.00 21.00  3.00 36.00 -23.00
11775 13487	-13.00 -16.00 -21.00 46.00 -8.00 -2.00 -12.00 -4.00 59.00 3.00 -22.00 65.00 9.00
11823 11298	4.00 -25.00  -16.00 48.00 -3.00
11865 11292	31.00 -19.00 183.00 -34.00 25.00 -39.00
11865 14543	-18.00 -14.00 -9.00
11867 11298	46.00 7.00 12.00 6.00 -4.00 -2.00
11898 13487	12.00 -2.00 -11.00 -17.00 -1.00
11973 11298	9.00 12.00 -7.00 -13.00 -22.00 -18.00 1.00 3.00
11973 12266	-17.00 -16.00 -9.00 0.00 -13.00 -10.00 -10.00 8.00 -6.00 -7.00 -20.00 107.00
11977 13487	-13.00 -18.00 -15.00 253.00 -12.00 -5.00
11980 11298	15.00 -31.00 -9.00 -11.00 30.00 14.00 25.00
11982 11298	-17.00 3.00 53.00 2.00 -8.00 -13.00 9.00 0.00 4.00 -5.00 -10.00 3.00  4.00 34.00 29.00 -7.00 -21.00 -24.00 -9.00 -13.00 -11.00 -14.00 -18.00 -3.00 0.00 -5.00 -1.00
11982 12266	-11.00 16.00 -13.00 -12.00
11986 11193	-10.00 1.00 -23.00 -24.00
11986 11292	17.00 -8.00 -27.00 -2.00 -20.00 -31.00 -38.00 -36.00 -26.00
11986 11298	-60.00 13.00 40.00 29.00 52.00 3.00 52.00 9.00 -20.00 -23.00 -24.00 -23.00
11986 11618	22.00 -11.00 -20.00  -6.00
11986 12266	19.00 -21.00 14.00
11986 13487	-2.00 1.00 -9.00 -8.00 -18.00 -30.00 21.00 -23.00 -17.00 -21.00
11986 14635	4.00 -40.00 -40.00
11986 15016	-28.00 2.00 -30.00 8.00 -27.00
11986 15304	-13.00
11995 11298	-11.00 -29.00 47.00 70.00 -16.00 89.00 -4.00 -10.00 2.00
11995 11618	 1.00 6.00 -5.00 29.00 66.00 -1.00
11995 12264	-5.00 -20.00 -19.00 0.00
12129 12343	33.00 -25.00 -32.00
12129 13487	2.00 -3.00 -17.00 -27.00 -5.00
12156 11292	4.00 -40.00 -23.00
12206 12266	-6.00 -15.00 -19.00 -10.00 -14.00 -9.00 5.00 -2.00 -2.00  -1.00 -17.00
12217 11292	-19.00 -28.00 0.00
12217 11298	-14.00 2.00 30.00 38.00 21.00 -16.00 33.00
12217 12266	7.00 -17.00 -5.00 -8.00 0.00 14.00
12255 11292	16.00 12.00 -9.00 0.00 -10.00
12264 10529	 -11.00 4.00 -1.00 -11.00 -18.00 129.00
12264 10693	17.00
12264 10721	159.00 88.00 -21.00 -6.00 5.00 -8.00 -7.00 -3.00 -15.00 96.00 -16.00 12.00 47.00
12264 10792	 -14.00
12264 10868	17.00 -14.00 15.00 -1.00 119.00 -20.00 2.00
12264 11193	68.00
12264 11292	134.00 -14.00 -35.00 -32.00 -34.00 -15.00 -18.00 -26.00 -16.00 23.00 -2.00 -1.00 0.00 -20.00 16.00 -11.00 -11.00 17.00 57.00 16.00 17.00 7.00 -11.00 -16.00 -12.00 2.00 -24.00 91.00 -10.00 -7.00 2.00 54.00 -4.00 -11.00 -11.00
12264 11298	-13.00 -9.00 -22.00 -6.00 -17.00 -21.00 22.00
12264 11618	-20.00 0.00 68.00 52.00 -17.00 -8.00 -7.00 -4.00 -8.00 -11.00 -17.00 19.00 50.00
12264 11986	-2.00
12264 11995	 29.00 -1.00 22.00 -2.00 6.00
12264 12266	-25.00 2.00 -19.00 -20.00 -30.00 -12.00 -10.00 31.00 -45.00 -2.00 6.00 220.00 -29.00
12264 12451	6.00
12264 13232	10.00 -23.00 22.00
12264 13487	5.00 -22.00 45.00
12264 13931	11.00 -4.00 148.00 -9.00
12264 14107	-23.00
12264 14307	-15.00 95.00 -8.00  29.00 19.00 6.00
12264 14576	24.00 21.00 -7.00 -18.00 72.00 -17.00 70.00
12264 14679	-29.00 -38.00 6.00 -16.00 -1.00 6.00
12264 14747	13.00 2.00 58.00
12264 14893	17.00 -1.00
12264 15304	-11.00 -27.00 16.00 14.00 -16.00 -11.00 -14.00 3.00 -20.00 17.00 54.00 -5.00 18.00
12264 15412	14.00 2.00
12266 10185	-14.00 -9.00 -6.00 -11.00 -10.00 3.00
12266 10279	-27.00 1.00 26.00 -7.00 -8.00  -6.00 12.00
12266 10372	96.00 -11.00 -10.00 -16.00 -12.00 -18.00 -25.00
12266 10561	-26.00 19.00 14.00 -37.00 -24.00 3.00
12266 10693	-18.00 -5.00 -13.00 5.00 123.00 -12.00 51.00 -1.00 -8.00 4.00 -17.00 -5.00 5.00
12266 10721	17.00  4.00 7.00 -11.00 -30.00 -5.00 30.00 -3.00 -33.00 0.00 -12.00 12.00 -18.00 -15.00 -17.00 13.00 -17.00 18.00 8.00 67.00
12266 10747	8.00 -6.00 39.00 6.00 11.00 -2.00 51.00 -1.00 -19.00 -15.00
12266 10781	16.00 -19.00 -6.00 -7.00 -10.00 -9.00 -11.00 1.00 1.00 -6.00 1.00 -11.00 -2.00 11.00 9.00
12266 10868	0.00 -15.00 11.00
12266 10994	-2.00 1.00 -4.00 16.00 11.00
12266 11049	-11.00 -12.00 -9.00 -11.00 -9.00 -13.00
12266 11140	6.00 -2.00 -17.00 26.00 -8.00 27.00 -5.00 31.00 -10.00 30.00 6.00 -10.00 89.00 -12.00 -3.00 -5.00 -1.00 -18.00 -13.00
12266 11146	17.00 1.00
12266 11193	3.00 30.00 13.00 -15.00 8.00 -8.00 17.00 19.00 5.00 59.00 8.00 6.00
12266 11278	-11.00 -2.00 -10.00 -36.00 -14.00 -7.00 3.00 0.00 30.00 -3.00 -1.00 -7.00 -6.00 -2.00 -6.00 15.00 7.00
12266 11292	20.00 -7.00 -17.00 1.00 40.00 7.00 26.00 -3.00 -18.00 112.00 167.00 11.00 -1.00 -20.00 -30.00 -12.00 -7.00 10.00 44.00 1.00 -9.00 -7.00 14.00 -8.00 4.00 8.00 -1.00 -13.00 1.00 -6.00 -13.00 -3.00 1.00 4.00 -9.00 -25.00 -7.00 -2.00 14.00 14.00 120.00 1.00
12266 11298	10.00 4.00 3.00 6.00 8.00 4.00 -3.00 -15.00 -9.00 -3.00 11.00 -3.00 -16.00 -12.00 39.00 -10.00 63.00 68.00 -2.00 9.00 30.00  -20.00 -12.00 -3.00 -11.00  22.00 -16.00 32.00 -8.00 5.00 -21.00 9.00 94.00 91.00 -4.00 -13.00 -15.00 -18.00 -2.00 14.00 11.00 -26.00 -24.00 -6.00
12266 11423	-1.00 8.00 0.00 -13.00 22.00 46.00 -4.00
12266 11540	-18.00 -19.00 -19.00 19.00 16.00 3.00 14.00 16.00 43.00 6.00 -1.00 -8.00 16.00 -23.00 -19.00 7.00
12266 11618	-11.00 -4.00 -11.00 43.00 32.00 -13.00 25.00 13.00 -1.00 -12.00 -21.00 3.00 -14.00  -14.00 23.00 -13.00 20.00 29.00 -17.00 16.00 -10.00 -26.00 307.00 52.00 -14.00 32.00 1.00 -10.00 33.00 46.00 122.00 62.00
12266 11973	-15.00 -17.00 -4.00 -11.00 -12.00 -2.00 -18.00 -5.00 113.00 2.00 -19.00 46.00
12266 11982	1.00 12.00 20.00 -1.00 -9.00 -14.00
12266 11986	17.00 17.00 20.00 53.00
12266 12206	-8.00 24.00 -11.00 -1.00 22.00 -1.00 -7.00 33.00 36.00 10.00 -1.00 53.00
12266 12217	15.00 -12.00 -8.00 -7.00 1.00 -8.00 -4.00 -8.00 -2.00 13.00
12266 12264	-15.00 32.00 45.00 1.00 -16.00 -7.00 -19.00
12266 12389	-16.00 -19.00 -19.00
12266 12448	5.00 2.00 -2.00 2.00 -19.00 -6.00 1.00 -3.00 -12.00 -10.00 -6.00 0.00 38.00 22.00 -1.00 41.00
12266 12451	1.00 2.00 -9.00 107.00 16.00 45.00 11.00
12266 12945	-15.00 5.00 -7.00
12266 12992	-5.00 1.00 1.00  -6.00 -2.00 -1.00 3.00 -13.00 -13.00 23.00 -11.00 0.00 91.00 -18.00
12266 13061	172.00 -19.00 -15.00 7.00 2.00 -2.00 -7.00
12266 13256	13.00 39.00 9.00 10.00 -10.00 4.00 29.00 1.00 30.00 -12.00 3.00 28.00 -15.00 -14.00 -19.00 76.00 -17.00 5.00 142.00 2.00 4.00
12266 13342	-20.00 0.00 13.00 -4.00 8.00 -13.00 -12.00 8.00
12266 13377	112.00 9.00 -5.00 -5.00
12266 13487	-8.00 2.00 24.00 8.00 19.00 -20.00 -18.00 2.00 -19.00 -12.00
12266 13502	-2.00 -7.00 2.00 -21.00 -12.00 38.00 -13.00
12266 13931	5.00 15.00
12266 14057	66.00 -16.00 7.00 29.00 5.00
12266 14107	-6.00 -2.00 4.00 -2.00 -3.00 1.00 9.00 83.00 1.00 73.00 122.00 135.00 0.00 1.00 5.00 0.00 18.00 7.00 -21.00 6.00 16.00 4.00 5.00 -5.00 47.00 -29.00 16.00 -11.00 1.00 1.00 7.00 -21.00 -18.00 -19.00 -27.00 -3.00 8.00 -11.00
12266 14262	12.00 -46.00
12266 14635	-8.00 -3.00 11.00 -11.00
12266 14679	14.00 -11.00 -5.00 20.00 -14.00 -9.00 0.00 25.00 -19.00 4.00 -18.00 -10.00 -3.00 -16.00 -21.00 -36.00 3.00
12266 14730	5.00 -3.00 -3.00 4.00 4.00
12266 14747	-17.00 21.00 123.00 -18.00 13.00 -22.00 5.00 6.00 -23.00 -4.00 10.00 82.00 43.00 -5.00 -20.00
12266 14831	-20.00
12266 14893	14.00 26.00
12266 15016	6.00 30.00 -11.00 14.00 2.00 73.00 7.00 3.00
12266 15304	-6.00 -1.00 40.00 14.00 -6.00 -14.00 -7.00 -4.00 5.00 -4.00 -16.00 2.00 28.00  -3.00 32.00
12266 15412	20.00 -3.00 -2.00
12266 15919	12.00 -12.00 -2.00 2.00 89.00 -9.00 12.00
12280 11292	-17.00 9.00 -12.00 -15.00 4.00 23.00 -2.00
12343 12129	18.00 -24.00 -16.00
12343 13487	10.00 149.00 136.00
12389 11292	29.00 -14.00 4.00 -4.00 -27.00 -19.00 23.00 -14.00 -23.00 -15.00 -1.00 -33.00
12389 12266	34.00 -35.00 -24.00
12389 13487	-20.00 -5.00 -24.00 2.00 12.00 -13.00 10.00 25.00 -1.00 4.00 16.00
12402 13830	-10.00 10.00 -1.00 -9.00 41.00 1.00
12448 11298	11.00  11.00 22.00 34.00 -18.00 42.00 -5.00 9.00 16.00 64.00 14.00 -13.00 -18.00 -19.00 2.00 2.00 -4.00 -5.00 41.00 24.00 -1.00 1.00
12448 12266	-19.00 17.00 -19.00 21.00 -20.00 6.00 4.00 -24.00 2.00 -22.00 -19.00 48.00 -13.00 464.00 -7.00 12.00
12451 10693	-1.00 -10.00 -8.00 18.00 5.00
12451 10721	77.00 -17.00 -2.00 -4.00 -19.00 18.00 -12.00 -19.00
12451 11278	-10.00 68.00 -24.00 -16.00 -10.00 -9.00
12451 11292	-17.00 -7.00 -10.00 -12.00 -5.00
12451 11298	-26.00 -11.00 -28.00 1.00 -29.00 -16.00 -16.00  -19.00 -21.00 6.00 1.00
12451 11618	17.00 -26.00 -4.00 32.00 96.00
12451 12264	23.00
12451 12266	-2.00 7.00 8.00 8.00 6.00 30.00
12451 13232	4.00 -10.00
12451 13487	4.00
12523 10299	-19.00 -10.00 -30.00 -20.00 24.00 -14.00 -21.00
12523 12819	34.00 -15.00 0.00 -13.00
12523 14747	6.00 -26.00 -7.00
12523 14828	-19.00 3.00 5.00 0.00 -14.00 6.00 -11.00  81.00 24.00
12523 15991	0.00 3.00 41.00 -9.00 -5.00 -18.00 -2.00
12758 13830	17.00 35.00 -1.00 -8.00 -5.00 2.00
12758 14057	-50.00 -6.00 -26.00 -39.00 -52.00
12758 14107	-36.00  2.00 
12758 14747	-13.00 -32.00 -21.00 -35.00 -34.00 -55.00
12758 14831	-18.00 -23.00 88.00
12819 14747	-27.00 0.00 -11.00 -18.00 0.00 -6.00 -17.00 25.00 15.00 -16.00 118.00
12819 15841	-22.00
12884 13487	-5.00 0.00 143.00 -10.00 -7.00
12888 11292	-7.00 200.00 -23.00 -27.00 -17.00 -14.00 -11.00
12891 11298	-1.00 41.00 3.00 -14.00 -2.00 -16.00  -10.00 50.00 67.00 10.00 -5.00
12945 11298	-1.00 -16.00 -10.00 -8.00 -32.00 -5.00 -36.00 -3.00 64.00
12945 12266	30.00 45.00 -11.00
12954 10721	-26.00 -2.00
12954 14057	-20.00 3.00 -11.00 -19.00 -15.00 -10.00
12954 14747	-12.00 -25.00 -11.00 -15.00 -14.00 -25.00
12954 14893	0.00 -11.00 -1.00 -12.00 -16.00
12992 11292	10.00 -24.00 -10.00 -6.00
12992 11298	12.00 1.00 24.00 -9.00 -9.00 -4.00 38.00 -4.00 2.00 -22.00 -18.00 -15.00
12992 12266	-15.00 31.00 37.00 -14.00 -15.00 -14.00 -17.00 37.00 -18.00 71.00 -4.00 -8.00 -13.00
12992 13232	8.00 -5.00 3.00 -2.00
12992 14107	3.00 9.00 -22.00 -25.00 -3.00 6.00
13029 11292	-9.00 7.00 -15.00 -13.00 -9.00 -5.00 -7.00
13029 13487	-1.00 -14.00
13061 11298	15.00 -20.00 8.00 3.00 42.00 7.00 -6.00 9.00 45.00 4.00 -13.00 1.00  -19.00
13061 12266	3.00 -2.00 -12.00 -16.00 4.00 -9.00
13076 13487	-11.00
13184 13487	-10.00
13232 10257	-2.00 -1.00 3.00 -12.00 31.00 9.00 7.00 8.00 -2.00 
13232 10529	26.00 -7.00 -10.00 16.00 -20.00 15.00 -8.00 13.00 -3.00 8.00
13232 10693	24.00  -14.00 -4.00 13.00 -8.00 33.00 75.00 13.00 57.00 -5.00 4.00 4.00 10.00 -9.00  46.00
13232 10721	-12.00 17.00 -17.00 11.00 -10.00 -6.00 29.00 -11.00 6.00 -8.00 34.00
13232 10792	13.00 -5.00 -4.00 46.00 -10.00 -2.00
13232 10994	67.00 50.00 -15.00
13232 11278	 -18.00  7.00 -26.00 -16.00 8.00 -23.00 -14.00 -11.00 -13.00 74.00 20.00 -3.00  18.00 68.00 -20.00 -19.00  -3.00 -7.00 24.00 4.00 -8.00 4.00 9.00 5.00
13232 11292	-14.00 -24.00  49.00 20.00 -26.00 94.00 -23.00 22.00 -5.00 29.00 -2.00 14.00 26.00 -19.00 -18.00 -27.00 -17.00 -12.00 5.00 32.00 -4.00
13232 11423	-26.00 57.00 -6.00 88.00 -24.00 -20.00 -19.00
13232 11618	22.00 -2.00 -13.00 -1.00 -9.00 27.00 -13.00 -1.00 27.00 17.00 -15.00  -23.00 -8.00
13232 12264	-7.00 -7.00 -3.00 3.00 -14.00
13232 12451	-7.00 83.00 -13.00
13232 12992	10.00 -19.00 -11.00
13232 13296	-4.00 3.00 14.00 -8.00 -19.00 105.00
13232 13487	6.00 153.00 -30.00 -10.00 5.00 12.00 3.00 54.00 15.00 29.00 10.00 -6.00 -5.00 -15.00  19.00 -3.00 27.00 -10.00 20.00 4.00 -3.00 -17.00 118.00 -3.00 9.00 2.00 -5.00 91.00 22.00 -9.00 -5.00
13232 13931	9.00 -7.00 18.00 136.00 59.00
13232 14057	-8.00
13232 14107	-18.00 38.00 -24.00 42.00 9.00 23.00 -11.00 47.00 12.00 -20.00 154.00 25.00 -9.00 56.00 47.00 -26.00 -12.00
13232 14307	-9.00  77.00 5.00 -6.00 10.00 30.00 25.00 2.00 
13232 14576	0.00 19.00 -6.00 3.00 32.00 17.00
13232 14635	-11.00 -10.00 -14.00 -20.00 -18.00 98.00 29.00 -21.00 -32.00 1.00 -17.00
13232 14679	-4.00 -13.00 42.00 -16.00 -36.00 -36.00 -6.00 -25.00 -3.00 -3.00
13232 14730	-19.00 -3.00 35.00 20.00 3.00 2.00 9.00
13232 14747	-25.00 19.00 -26.00 169.00 -12.00 -19.00
13232 14831	-60.00 -16.00 3.00 -10.00
13232 14893	-12.00 -24.00
13232 15016	-15.00 -4.00 2.00 46.00 -27.00 -13.00 28.00 -6.00 -10.00 15.00 23.00 -5.00 -22.00 -9.00 -16.00 35.00 -10.00 -5.00 19.00
13232 15304	-9.00 -5.00 -25.00 -26.00 -8.00 5.00 -7.00 1.00 1.00 26.00 -9.00 -31.00 10.00
13241 11298	-14.00 -13.00 1.00
13241 14109	-23.00 -9.00 14.00 -12.00 -30.00
13256 11298	33.00 -12.00 -8.00 -19.00 21.00 2.00 -1.00 381.00 -8.00 -21.00 -24.00 -8.00 -13.00 -24.00 9.00
13256 12266	6.00 -11.00 -19.00 -15.00 9.00 -13.00 3.00 -2.00 -19.00 -5.00 4.00 2.00 -14.00 15.00 2.00 -5.00 -1.00 -6.00 -14.00 46.00 -3.00 17.00 1.00
13290 11298	-3.00 65.00 -28.00 -12.00 2.00 6.00 -13.00 -25.00 -2.00
13296 11618	-7.00  -21.00 19.00
13296 13232	8.00 -14.00 -5.00 -21.00
13296 15304	-17.00 -19.00 -2.00 -14.00 -19.00 -25.00
13342 10721	21.00 -3.00 165.00 11.00 -13.00
13342 11193	5.00 -4.00 6.00
13342 11278	-28.00 75.00 35.00 6.00 -12.00 -7.00 -30.00 -32.00
13342 11292	-27.00 90.00 -24.00 10.00 12.00 12.00 -30.00 -15.00 -6.00 13.00 70.00 -1.00 -23.00 -27.00 -9.00 -6.00 22.00 12.00 7.00 -13.00
13342 11298	11.00 -19.00 -42.00  -30.00 -41.00 -2.00 -22.00 -39.00 38.00
13342 11618	27.00 -16.00 -9.00 -23.00 -10.00 0.00  -7.00  14.00
13342 12266	-46.00 -36.00 -33.00 -24.00 -3.00 -10.00 13.00 46.00 15.00 -4.00 5.00 -11.00 -10.00
13342 13487	3.00 -25.00 -5.00 -18.00 -8.00 -10.00 19.00 -15.00 4.00 13.00 -25.00 16.00 -11.00 -7.00 -8.00 -3.00 2.00 -9.00
13342 14107	-29.00 12.00 87.00 13.00 -37.00 -18.00 2.00 -36.00 0.00 6.00 -29.00
13342 14635	-28.00 -17.00 60.00 -5.00 -26.00
13342 14747	-3.00 -32.00 -11.00
13342 15016	-22.00 -15.00 -16.00 30.00 30.00 -10.00
13342 15304	0.00 56.00 22.00 19.00
13377 11298	26.00 8.00 -11.00 -23.00 -10.00 -10.00 -4.00 -9.00 0.00
13377 12266	-19.00 -3.00 -19.00 44.00 0.00
13476 14107	1.00 -13.00 -16.00 -3.00 -18.00
13485 11193	4.00 17.00
13485 11292	-9.00 -3.00 -23.00 -6.00 15.00 90.00 -12.00
13485 11298	339.00 -22.00 -36.00 7.00 6.00 31.00 80.00 6.00 -16.00 11.00 33.00 -33.00 48.00 
13485 11618	-12.00  5.00
13485 13487	52.00 81.00 -15.00 -12.00
13487 10141	22.00 -19.00 -36.00 4.00  -14.00
13487 10299	36.00 -29.00 -48.00 6.00 58.00
13487 10408	7.00 -7.00 -15.00
13487 10529	8.00 -32.00 -10.00 25.00 -14.00 16.00 -17.00 -7.00
13487 10620	-15.00 38.00 -20.00 -10.00
13487 10631	2.00 -16.00 -11.00 -16.00 4.00 -17.00
13487 10693	20.00 0.00 -35.00 -31.00 -25.00 -10.00 7.00 3.00 -14.00 -14.00 -8.00
13487 10721	-16.00 -35.00 -8.00 -12.00 -13.00 3.00 -30.00 -6.00 -20.00  2.00
13487 11003	206.00 -3.00 11.00 103.00
13487 11193	-12.00 -13.00 -20.00 4.00
13487 11267	44.00 -23.00 -9.00
13487 11278	72.00 -29.00 -7.00 -26.00 -5.00 -36.00 16.00 -13.00 2.00 -9.00 3.00 -4.00 -4.00 21.00 -4.00
13487 11292	25.00 -12.00 -26.00 29.00 38.00 -30.00 28.00 -33.00 -36.00 -15.00 -14.00 -16.00 -9.00 -2.00 -29.00 -2.00 -33.00 -23.00 10.00 7.00 -20.00 -13.00 0.00 -33.00 -16.00 -17.00 11.00 6.00 4.00 -19.00 -14.00 -17.00 -7.00 -10.00 -22.00 -21.00 -9.00
13487 11298	-24.00 87.00 -7.00 0.00 22.00 6.00 103.00 61.00 14.00 0.00 -11.00 14.00 -20.00  -16.00 -2.00 8.00 -12.00 104.00 -22.00 -12.00 -12.00 -24.00 21.00 -31.00
13487 11315	-22.00 -16.00 -6.00 12.00 -8.00 -2.00
13487 11337	-18.00 -24.00 -6.00 -21.00
13487 11618	-22.00 4.00 -7.00 -21.00 33.00 -21.00 -21.00 35.00  -10.00 
13487 11775	-3.00 -11.00 110.00 1.00 -19.00 -14.00 -1.00 -10.00 -29.00 -25.00 51.00 -14.00 -4.00 -11.00
13487 11898	2.00 -17.00 7.00 -6.00
13487 11977	0.00 -16.00 -3.00 28.00 12.00 6.00 1.00 0.00 -11.00
13487 11986	-23.00 66.00 -19.00 -23.00 -3.00 2.00 -13.00 -15.00
13487 12129	-13.00 0.00 51.00 19.00 1.00
13487 12264	-20.00 -3.00
13487 12266	-32.00 9.00 53.00 -5.00 24.00 140.00 20.00 -12.00 -29.00 47.00 -20.00 -10.00 -12.00 12.00
13487 12343	0.00 -20.00
13487 12389	51.00 -22.00 44.00 -8.00 5.00 0.00 -1.00 22.00 13.00 -16.00 17.00
13487 12884	21.00 -17.00 9.00 -18.00 -18.00
13487 13029	107.00
13487 13076	-28.00
13487 13232	18.00 -2.00 -23.00 -10.00 -18.00 -7.00 23.00 4.00 94.00 30.00 -10.00 -9.00 6.00 3.00 -19.00 7.00 13.00 -20.00 -25.00 23.00 -18.00  -2.00 9.00 -8.00 -5.00 -15.00 -2.00 -6.00 -9.00 -8.00 12.00
13487 13342	-16.00 -12.00 -20.00 -25.00  -11.00 -16.00 12.00 14.00 -25.00 -28.00 -19.00 -18.00 -21.00  -4.00
13487 13485	-10.00 -3.00 -12.00 -20.00
13487 14057	36.00 -21.00 -16.00 3.00 -12.00 -8.00 -16.00 -4.00 -15.00 7.00
13487 14107	-26.00 -17.00 -24.00 -37.00 -13.00 -33.00 8.00 73.00 -7.00 -39.00 4.00 -13.00 -43.00 -2.00 -19.00 -6.00 -11.00 36.00 -7.00 -6.00 -21.00 -22.00 -31.00 79.00 -13.00 -4.00 -36.00 -20.00 -17.00 -10.00 -4.00 -41.00 -24.00 1.00 123.00 30.00 -30.00 -20.00 -19.00 -19.00 -20.00 -13.00 -2.00 -13.00 -16.00
13487 14457	2.00 -17.00 -11.00 13.00 30.00 -13.00 -8.00 78.00
13487 14570	-2.00
13487 14576	-1.00
13487 14633	179.00 -11.00 9.00
13487 14635	-23.00 11.00 -21.00 -39.00 -3.00 -6.00 -38.00 -30.00 -8.00 -29.00 14.00 5.00 -15.00 -23.00 -19.00 -9.00
13487 14679	29.00 -23.00 -3.00 -38.00 -26.00 -13.00
13487 14747	4.00 22.00 105.00 -4.00 -10.00 -9.00 -3.00 -18.00 11.00 -5.00 12.00 -18.00 -11.00 -17.00 -8.00 5.00 -21.00 -4.00 -11.00 1.00 60.00 -25.00 -10.00 -13.00 7.00 -21.00 -19.00
13487 14831	-47.00 -33.00 -33.00 -50.00 -14.00
13487 14893	-16.00
13487 15016	8.00 -18.00 -17.00 -10.00 -1.00 5.00 -9.00 8.00 1.00 -28.00 -13.00 7.00 -4.00 47.00 -10.00 -5.00 -30.00
13487 15304	-29.00 -37.00 12.00 -20.00 0.00 -18.00 -20.00 -7.00 1.00 -20.00 19.00 -13.00 -22.00 -11.00
13487 15919	10.00 1.00 -9.00
13502 11292	-3.00  7.00 -10.00 10.00 -28.00 2.00
13502 12266	27.00 9.00 -20.00
13502 14107	-11.00
13577 10158	-16.00 -9.00 -7.00
13577 10721	-31.00 73.00 -18.00
13830 10299	23.00 -39.00
13830 10666	3.00 -34.00 -16.00
13830 11292	-24.00 -6.00 -16.00 -2.00 7.00
13830 11298	-27.00 14.00 3.00
13830 12402	-16.00 4.00 1.00 -13.00 0.00 -8.00
13830 12758	14.00 5.00 -4.00 90.00 23.00 12.00
13830 14057	-12.00 -29.00 -1.00 -32.00 -38.00 -37.00
13830 14107	-14.00 -39.00 -3.00 -16.00 -20.00 -24.00 -27.00
13830 14679	-7.00 -19.00
13830 14747	42.00 26.00 -17.00 -42.00 -26.00 -38.00 -2.00 -27.00 -10.00 0.00 22.00 -24.00 6.00 21.00 13.00
13830 14831	-11.00 -30.00 3.00 -32.00 39.00 -34.00 -20.00
13830 14893	-10.00 -18.00 -39.00 -9.00 2.00
13931 11298	7.00 1.00 -11.00 22.00 82.00 -3.00
13931 11618	-16.00 220.00 -14.00 
13931 12264	-9.00 -8.00
13931 12266	-33.00 -5.00
13931 13232	-2.00 1.00
14057 10299	-32.00 3.00 -22.00 -19.00 -26.00
14057 10721	-12.00 -19.00 20.00 
14057 10800	 -3.00 -8.00 -9.00 -5.00 -9.00 -3.00 -18.00
14057 11278	-23.00 -31.00 -24.00 -7.00
14057 11292	3.00 -14.00 -17.00 8.00 -23.00 -35.00 52.00 -8.00 11.00 2.00 5.00 46.00 3.00 19.00  -19.00 82.00 -9.00 145.00 -1.00
14057 11298	-6.00 -2.00 -9.00 60.00 -23.00 -4.00 -14.00 -15.00 -26.00 -14.00 14.00 23.00 15.00
14057 11618	2.00 -39.00 -22.00
14057 12264	-26.00
14057 12266	-13.00 18.00 -2.00 9.00 7.00
14057 12758	-24.00 -20.00
14057 12954	-23.00 -9.00 -16.00 -13.00 8.00 -17.00 -17.00
14057 13232	-25.00 -10.00 -1.00 -4.00 -3.00
14057 13487	-38.00 42.00 -16.00 -20.00 -12.00 -22.00 1.00 -16.00 -23.00
14057 13830	-23.00 -14.00 -25.00 -11.00 -39.00 -27.00 -29.00
14057 14107	-6.00 -10.00 -1.00 -19.00 -17.00 -2.00 -1.00 -10.00 126.00 -7.00 -18.00 2.00 -14.00 0.00 -14.00 -10.00 4.00 -14.00 -11.00 8.00 -24.00 -13.00 -5.00 -10.00 -10.00 -11.00
14057 14262	-7.00 -3.00 -16.00 -3.00 4.00 3.00
14057 14679	-6.00 24.00 3.00 10.00 -7.00 -16.00 -6.00 -8.00 111.00 23.00 -2.00 1.00 -4.00 -6.00 2.00 -3.00
14057 14747	-4.00 4.00 6.00 2.00 -5.00 38.00 -4.00 152.00 -8.00 11.00 70.00 17.00 51.00 -9.00 0.00 14.00 -11.00
14057 14831	28.00 -6.00 1.00 6.00 3.00 187.00 1.00 32.00 -8.00 -3.00 -2.00 -16.00 -4.00 -18.00 -13.00 11.00 6.00 1.00 -6.00 -2.00 0.00
14057 14893	-2.00 -15.00 -11.00 -2.00 -15.00 -3.00 -5.00 -16.00 17.00 -2.00 -12.00 5.00
14107 10299	-39.00 -25.00 -15.00 17.00
14107 10561	141.00 -2.00 6.00 -5.00 -1.00 -10.00 -4.00 6.00
14107 10693	120.00 26.00 -21.00 29.00 9.00
14107 10721	-1.00 20.00 -3.00 2.00 12.00 5.00 -12.00 -1.00 
14107 10792	-12.00
14107 10800	1.00 63.00 -7.00 3.00 158.00 10.00 5.00 41.00 2.00 -13.00 -12.00 -4.00 -10.00 5.00 5.00 5.00
14107 11193	31.00 -20.00 -14.00
14107 11278	3.00 -9.00 69.00 -8.00 -11.00 -37.00 2.00 -11.00 -17.00 -5.00
14107 11292	23.00 2.00 7.00 3.00 58.00 -12.00 26.00 13.00 -2.00 -9.00 52.00 -12.00 -4.00 20.00 10.00 62.00 -7.00 195.00 -7.00 -14.00 29.00 57.00 48.00 -8.00 -16.00 -14.00 24.00 -9.00 -1.00 -9.00 0.00 17.00 -4.00 20.00 -13.00 -9.00 -6.00 -5.00 -16.00 66.00 12.00 -7.00 -3.00 -24.00 12.00 10.00 -14.00 -10.00 -12.00 10.00 -6.00 21.00 -4.00 -9.00 -4.00 -10.00 2.00 17.00 -16.00 1.00 7.00 114.00 35.00
14107 11298	5.00 -4.00 -19.00 5.00 17.00 6.00 3.00 -3.00 21.00 25.00 15.00 135.00 13.00 16.00 8.00 -5.00 6.00 14.00 -10.00 -12.00 8.00 -3.00 -3.00 20.00 159.00 2.00 16.00 1.00 17.00 659.00 -13.00 7.00 8.00 -3.00 -13.00 26.00 10.00 0.00 -10.00 28.00 0.00
14107 11540	25.00 -5.00 -4.00 11.00 17.00 73.00 -4.00 2.00 4.00 17.00 31.00 2.00 2.00 5.00
14107 11618	12.00 -8.00  -5.00 46.00 -17.00 -26.00 -35.00 -24.00 -7.00 -3.00 -24.00 -34.00 -18.00 19.00 11.00 -29.00 -18.00 -16.00 22.00 -23.00  -18.00 31.00 10.00 17.00 -35.00 -18.00 -16.00
14107 11638	8.00 -10.00  9.00 -3.00 2.00
14107 12264	-28.00
14107 12266	-27.00 -1.00 6.00 -8.00 -20.00 -16.00 -22.00 -7.00 -11.00 -20.00 -13.00 26.00 -8.00 10.00 17.00 -10.00 -5.00 -23.00 -11.00 -18.00 2.00 10.00 147.00 -6.00
14107 12758	6.00 29.00 37.00 11.00 11.00 -36.00
14107 12992	-2.00 -4.00 -1.00
14107 13232	-27.00 -4.00 -5.00 21.00 17.00 -3.00 10.00 88.00 -15.00 9.00 62.00 46.00 -8.00 15.00 -4.00 2.00 -11.00 14.00 3.00
14107 13342	4.00 7.00 -11.00 -8.00 14.00 5.00 4.00 -11.00 -16.00 36.00 -10.00
14107 13476	-2.00 -10.00 2.00 -10.00 7.00 -22.00
14107 13487	-8.00 -23.00 0.00 -24.00 47.00 -7.00 -1.00 -2.00 -25.00 36.00 0.00 -10.00 -18.00 -29.00 -18.00 22.00 -25.00 -9.00 79.00 -8.00 13.00 -8.00 2.00 159.00 3.00 -7.00 3.00 -12.00 -13.00 -8.00 85.00 -4.00 13.00 -15.00 -17.00 5.00 14.00 -34.00 -2.00 4.00
14107 13502	6.00 24.00
14107 13830	-9.00 -15.00 -3.00 -3.00
14107 14057	5.00 3.00 -5.00 7.00 -10.00 22.00 -10.00 -13.00 -12.00 15.00 89.00 13.00 2.00 12.00 -4.00 -13.00 122.00 1.00 -12.00 40.00 -4.00 7.00 -19.00 123.00 15.00 55.00 15.00 1.00 -21.00 7.00 -23.00
14107 14262	11.00 -5.00 3.00 -1.00 -14.00 -2.00 14.00 -4.00 21.00 4.00 143.00 -7.00 1.00 7.00 -5.00 -2.00
14107 14570	-1.00 -5.00 -9.00 16.00 36.00 -18.00 71.00 15.00 12.00 31.00 -12.00 -8.00 -12.00 5.00 -16.00
14107 14679	7.00 29.00 -5.00 2.00 15.00 -2.00 -9.00 31.00 22.00 13.00 16.00 -9.00 2.00 -12.00 -19.00 -10.00 -8.00 -9.00 -12.00 5.00 -16.00 13.00 -5.00 -10.00 -3.00 -13.00 27.00 -4.00 -6.00 -11.00 -3.00 -14.00 10.00 -10.00 -8.00 -6.00 3.00 -5.00 -3.00 27.00 -9.00 -4.00 -9.00 -4.00 19.00 -8.00 40.00 -9.00 49.00
14107 14730	-7.00 42.00 -20.00
14107 14747	10.00 -15.00 23.00 -9.00 13.00 3.00 -24.00 27.00 -7.00 -6.00 -27.00 68.00 133.00 -32.00 -27.00 56.00 1.00 34.00 -11.00 -7.00 -18.00 22.00 -10.00 3.00 -17.00 -4.00 194.00 -10.00 -11.00 26.00 -21.00 -16.00 -23.00 -19.00 -25.00 -6.00 -14.00 115.00 -15.00 8.00 7.00 12.00 -11.00 34.00 12.00 22.00 0.00 -10.00 2.00 17.00
14107 14831	-5.00 -12.00 9.00 27.00 -3.00 1.00 13.00 -5.00 36.00 74.00 1.00 -21.00 -19.00 7.00 110.00 -1.00 -15.00 6.00 5.00 -4.00 77.00 -14.00 -13.00 69.00
14107 14893	-8.00 -6.00 10.00 -4.00 -5.00 30.00 -4.00 37.00 66.00 -8.00 8.00 -17.00 -30.00 8.00 38.00 25.00 48.00 -11.00 -18.00 -16.00 64.00 7.00 -13.00 22.00
14107 15016	-3.00 174.00 10.00 -20.00 -18.00 8.00 36.00 40.00 25.00 -8.00 -2.00 0.00 19.00 -5.00 107.00 0.00 -7.00 -5.00 70.00
14107 15304	-31.00 2.00 10.00 -11.00 -6.00 2.00 -23.00 1.00 -15.00 20.00 5.00
14109 11298	-15.00 2.00
14109 13241	-18.00 246.00 -16.00
14262 11292	7.00 -7.00 25.00 33.00 -9.00 -6.00 26.00 -21.00 4.00 144.00 -15.00 6.00
14262 11298	20.00 51.00 9.00 6.00 -10.00 15.00 -9.00
14262 12266	-6.00 28.00 22.00
14262 13487	-14.00 -13.00 11.00
14262 14057	-9.00 -10.00 4.00 -7.00 9.00 -13.00
14262 14107	33.00 -10.00 -3.00 8.00 5.00 8.00 -2.00 13.00 -5.00 15.00 -7.00 126.00
14262 14747	18.00 -18.00 1.00 95.00 17.00 -9.00 -19.00 -9.00 5.00
14288 11292	57.00 7.00 -28.00 -14.00 4.00 
14307 11618	-8.00  -5.00 -20.00  -9.00 101.00
14307 12264	-6.00 46.00 13.00  -14.00 -20.00
14307 13232	-19.00 -25.00 -26.00 -33.00
14307 15304	-30.00 -26.00 -14.00  -8.00 23.00 
14457 11292	9.00 11.00 -30.00 4.00 2.00 -31.00
14457 11298	14.00 5.00 1.00 124.00 -26.00 -12.00
14457 13487	8.00 7.00 -24.00 -1.00 -18.00 -24.00
14543 11292	420.00 -13.00 -16.00 14.00 -20.00 14.00 126.00 -9.00
14543 11865	-41.00 -14.00 -29.00
14570 11292	60.00 -13.00 -9.00 -18.00 -1.00 -1.00 73.00 22.00 1.00 -2.00 11.00 -15.00
14570 11298	14.00 -22.00 -10.00 14.00 2.00 2.00 -22.00
14570 12266	-9.00
14570 13487	-3.00
14570 14107	-2.00 18.00 -7.00 4.00 -5.00 -11.00 12.00 -3.00 -13.00 5.00 -9.00 10.00 -10.00 -4.00 5.00 55.00
14570 14679	-15.00 -3.00 -10.00 -3.00 4.00 -9.00 -2.00 -5.00 14.00
14574 12264	-26.00
14576 11618	3.00 -19.00 -14.00
14576 12264	5.00 37.00 37.00
14576 13232	-33.00 -30.00 34.00 117.00 -31.00 -11.00
14576 15304	-29.00 -31.00
14633 13487	-23.00 -16.00 -17.00 -11.00 -29.00
14635 10158	10.00 -7.00 -8.00 -15.00 51.00 -3.00
14635 10529	12.00 1.00 8.00 26.00 0.00 -9.00
14635 10693	3.00
14635 10721	76.00 3.00 9.00 -10.00 -23.00 -11.00 -21.00 170.00 -12.00 -6.00 27.00 12.00 -17.00 -11.00 44.00 -7.00  -12.00 41.00
14635 11193	-16.00 -16.00 -15.00
14635 11278	184.00 -18.00 -8.00 15.00 -16.00 -20.00 10.00 4.00 -10.00 -8.00
14635 11292	-5.00 12.00 -2.00 -2.00 -23.00 76.00 79.00
14635 11298	-3.00 -9.00 -1.00 16.00 -1.00 -9.00 34.00 26.00 16.00 120.00 23.00 -8.00 -12.00 31.00
14635 11618	-5.00 -16.00 -14.00 -16.00 -7.00 -22.00 0.00 2.00 -7.00 23.00
14635 11986	5.00
14635 12264	11.00 -14.00
14635 12266	24.00 -32.00 -17.00 -4.00 -16.00
14635 13232	0.00 -8.00 3.00 -10.00 6.00 40.00 72.00 5.00
14635 13342	-5.00 8.00 21.00 -3.00 -7.00 -22.00
14635 13487	-14.00 -15.00 3.00 -12.00 3.00 1.00 -31.00 -18.00 -22.00 16.00 -2.00 -33.00 -9.00 -20.00 -13.00 7.00 -6.00 -8.00
14635 14307	-19.00
14635 15016	-12.00 54.00 -9.00 -10.00
14679 10693	-2.00 -6.00 -2.00 -2.00
14679 10721	-8.00 -33.00 -11.00 -20.00 25.00 -9.00 -5.00 13.00 6.00
14679 11292	-25.00 -11.00 -19.00 -27.00 -14.00 19.00 18.00 -7.00 -1.00 -16.00 0.00 -28.00 -10.00 -14.00 3.00 7.00 11.00 23.00 51.00 -7.00 8.00 -16.00 13.00 9.00 -13.00 9.00 -2.00 14.00 -16.00 0.00 -12.00 32.00 -11.00 16.00 10.00 1.00 -13.00 -8.00 54.00 7.00 -9.00 -24.00 -33.00
14679 11298	-6.00 3.00 9.00 -15.00 -8.00 -28.00 -21.00 11.00 -2.00 -4.00 -5.00 43.00 -16.00 1.00 -23.00 12.00 -4.00 -17.00 -3.00 -12.00 -13.00 213.00 -17.00 65.00 4.00 -13.00 -5.00 -21.00 -33.00 5.00
14679 11618	-25.00 25.00 -18.00  -35.00
14679 12264	-29.00 14.00 4.00 -20.00 8.00 -2.00 -12.00
14679 12266	-16.00 10.00 -32.00 -9.00 38.00 -11.00 9.00 -20.00 51.00
14679 13232	-1.00 -16.00 25.00 21.00 -13.00 9.00 -3.00 12.00 -4.00 -8.00 -16.00 -13.00
14679 13487	-6.00 2.00 -6.00 14.00 -9.00 2.00 -21.00 -13.00 -17.00 -18.00
14679 13830	31.00 -3.00 -5.00 -16.00 24.00
14679 14057	-11.00 -21.00 -26.00 -22.00 -6.00 -6.00 -30.00 3.00 -23.00 4.00 -27.00 -10.00 0.00 -11.00 -30.00 -1.00 -35.00 -22.00 114.00 -4.00 47.00 -1.00 14.00
14679 14107	37.00 39.00 -5.00 -5.00 70.00 18.00 -2.00 -12.00 -3.00 -15.00 -15.00 67.00 -9.00 2.00 -18.00 -15.00 -2.00 11.00 -10.00 46.00 -7.00 -17.00 -15.00 -15.00 -16.00 -7.00 -5.00 -14.00 -11.00 -14.00 67.00 -19.00 5.00 -9.00 -9.00 -5.00 -13.00 -10.00 -9.00 -3.00 -20.00 -1.00 6.00
14679 14570	2.00 31.00 44.00 7.00 -18.00
14679 14747	-29.00 -9.00 -20.00 -28.00 -6.00 -16.00 -14.00 -7.00 -11.00 -21.00 84.00 -23.00 20.00 51.00 4.00 -10.00 -11.00 0.00 -23.00 -20.00 22.00 5.00 -28.00 -4.00 15.00 -10.00 -4.00 -15.00 -27.00
14679 14831	-1.00 67.00 41.00 1.00 -16.00 -19.00 13.00 28.00 10.00 -1.00 12.00 2.00 44.00 30.00 -11.00 -3.00 1.00 -11.00 1.00 -7.00 23.00 23.00 35.00 9.00 116.00 -20.00 0.00 -15.00 -9.00
14679 14893	4.00 0.00 0.00 -17.00 -4.00 -17.00 -6.00 -15.00 -17.00 0.00 -15.00 54.00 -14.00 -2.00 -5.00 7.00 31.00 17.00 -16.00 -9.00 24.00
14709 10299	-7.00
14709 10754	4.00 26.00 -7.00 11.00 -2.00 306.00 37.00 2.00 22.00 -3.00
14730 11292	3.00 -31.00 -11.00 -15.00 35.00 -17.00 -15.00
14730 11298	-8.00 11.00 32.00
14730 11618	0.00 41.00 -16.00 -15.00 -26.00
14730 12264	-17.00 4.00
14730 12266	5.00 -18.00 8.00 0.00 -32.00 -9.00
14730 13232	-13.00 48.00 -21.00 -5.00 -25.00 -15.00 0.00
14730 14107	-20.00 -21.00
14730 15304	-16.00 -21.00
14747 10299	-17.00 0.00 -13.00 -13.00 -26.00 -1.00 5.00 160.00 51.00 -20.00 -25.00 -40.00 -13.00 -10.00 -28.00 5.00 -31.00 -3.00 7.00 -16.00 -37.00 -24.00 -15.00 6.00 16.00 -23.00 -25.00 -33.00 -25.00 -19.00 -35.00 -16.00 -8.00 -34.00 -29.00 31.00 -12.00 -9.00 23.00 -15.00 -11.00 1.00 -15.00 -9.00
14747 10666	20.00
14747 10721	12.00 36.00 58.00 -8.00 -13.00 -37.00 0.00 -18.00 -30.00 10.00
14747 10800	-4.00 6.00 0.00 6.00 -8.00 -9.00 -7.00 1.00
14747 11278	-38.00 19.00 -15.00 -17.00 -12.00
14747 11292	-6.00 1.00 5.00 -23.00 -12.00 48.00 3.00 58.00 0.00 -8.00 2.00 20.00 -1.00 -1.00 -8.00 -1.00 -5.00 6.00 14.00 72.00 66.00 -15.00 -6.00 -5.00 20.00 19.00 31.00 43.00 5.00 -4.00 3.00 11.00 6.00 -9.00 -3.00 5.00 9.00 7.00 -7.00 -12.00 -1.00 10.00
14747 11298	6.00 -27.00 -9.00 10.00 17.00 -18.00 57.00 -11.00 -6.00 -9.00 -19.00 10.00 -10.00 17.00 -1.00 -4.00 0.00 -8.00 16.00 13.00 32.00 -7.00 10.00 -8.00 -6.00 -6.00 -17.00
14747 11618	-14.00 -26.00 4.00 -14.00 2.00 -21.00 25.00  -13.00 5.00 -4.00
14747 11630	-26.00 17.00 2.00 -31.00 -20.00 -13.00 -9.00 -3.00 -7.00 -19.00
14747 11638	3.00 -12.00 -9.00 3.00 -2.00 0.00
14747 12264	34.00 15.00 256.00
14747 12266	-21.00 11.00 40.00 -29.00 1.00 10.00 -4.00 21.00 25.00 -18.00 0.00 -13.00 120.00 8.00 -2.00 -10.00 12.00 4.00
14747 12523	51.00 -2.00 -6.00 -22.00
14747 12758	-19.00 -30.00 2.00 16.00 45.00
14747 12819	-12.00 18.00 -20.00 43.00 -10.00 -7.00 5.00 -7.00 -9.00 4.00 -12.00 -13.00 -11.00 6.00 16.00
14747 12954	-6.00 -7.00 -1.00 3.00 27.00 -9.00 8.00 -7.00
14747 13232	17.00 -1.00 0.00 -5.00 -3.00
14747 13342	-18.00 -9.00
14747 13487	-9.00 -25.00 -9.00 18.00 -16.00 -17.00 -4.00 33.00
14747 13830	-6.00 40.00 7.00 -38.00 11.00
14747 14057	-3.00 50.00 -8.00 -7.00 -7.00 0.00 0.00 14.00 6.00 44.00 7.00 
14747 14107	6.00 -4.00 31.00 -9.00 -10.00 2.00 -9.00 -7.00 0.00 -15.00 15.00 -8.00 -2.00 -10.00 -20.00 3.00 -1.00 1.00 9.00 -12.00 -1.00 -26.00 0.00 15.00 10.00 2.00 -1.00 -8.00 62.00 28.00 2.00 -5.00 -25.00 -3.00 0.00 -15.00 -13.00 9.00 19.00 2.00 75.00 89.00 -13.00 -5.00 16.00 -18.00 7.00 -18.00
14747 14262	14.00 2.00 -6.00 4.00 -6.00 93.00 110.00 3.00 -24.00 -10.00
14747 14679	-7.00 17.00 31.00 -26.00 -4.00 15.00 9.00 2.00 -6.00 -13.00 18.00 -11.00 46.00 -12.00 -6.00 -13.00 6.00 2.00 13.00 -2.00 -15.00 -15.00 -7.00 -5.00 8.00 -10.00 -19.00 5.00
14747 14831	206.00 -2.00 1.00 -9.00 -11.00  -5.00 -2.00 -13.00 0.00 -3.00 42.00 -12.00 32.00 -14.00 -8.00 1.00 52.00 8.00 96.00 -12.00 1.00 -5.00 -1.00 2.00 -7.00 12.00 -2.00 -4.00 1.00 101.00 -8.00 17.00 -13.00 -9.00 -2.00 -12.00
14747 14893	-6.00 28.00 -3.00 46.00 -12.00 1.00 16.00 -18.00 -2.00 -7.00 5.00 -7.00 25.00 -2.00 5.00 37.00 -11.00 -6.00 3.00 -9.00 -21.00 37.00 -14.00
14747 15016	-6.00 -9.00
14747 15304	-34.00 -25.00 -47.00 -40.00 -41.00 -43.00
14783 11292	3.00 -11.00 65.00
14783 11298	207.00 10.00 4.00 0.00 5.00 37.00 -14.00 36.00 8.00 60.00 18.00 -10.00 0.00 104.00 7.00 -3.00 -6.00 -13.00 27.00 103.00 3.00 -18.00 -11.00
14794 11292	0.00 -8.00
14828 12523	-8.00 4.00 5.00 -23.00 -9.00
14828 12819	-13.00 35.00  5.00
14831 10800	-4.00 14.00 105.00 3.00 -6.00 18.00 -2.00 -2.00 2.00 62.00 6.00 -5.00 -3.00 -7.00 2.00 -11.00 -7.00 2.00
14831 11292	-6.00 -17.00  -12.00 -17.00 -14.00 -13.00 -16.00 0.00 67.00 12.00 26.00 140.00 81.00 -20.00 44.00 -27.00 7.00 84.00 -3.00 -6.00
14831 11298	5.00 4.00 6.00 99.00 0.00 4.00 -11.00 -8.00 -10.00 60.00 14.00 -2.00 9.00 -1.00
14831 12758	9.00
14831 13232	-10.00 -23.00 -4.00
14831 13487	-2.00 -2.00
14831 13830	111.00 -21.00 -15.00 9.00 -12.00 -33.00 -11.00
14831 14057	-1.00 1.00 -20.00 -6.00 -22.00 13.00 -3.00 -10.00 -8.00 -11.00 185.00 4.00 1.00 -1.00 -19.00 0.00 -12.00 -12.00 -23.00 13.00 -14.00 -14.00 98.00 -10.00 -28.00 3.00 1.00
14831 14107	16.00 -6.00 -10.00 -11.00 -5.00 -9.00 -13.00 -7.00 4.00 -6.00 -3.00 1.00 107.00 -9.00 18.00 22.00 -8.00 -14.00 -10.00 -12.00 -2.00 9.00 -11.00 -7.00 -15.00 -2.00 -17.00 -4.00 -12.00 2.00 2.00
14831 14679	 1.00 -6.00 15.00 2.00 2.00 4.00 -1.00 -12.00 -6.00 14.00 -6.00 -8.00 -5.00 -6.00 -3.00 -6.00 6.00 -12.00 -4.00 6.00 10.00 -5.00 -4.00 54.00 2.00 5.00 5.00 -3.00
14831 14747	-18.00 -6.00 8.00 -7.00 -2.00 6.00 -4.00 -7.00 -16.00 0.00 -12.00 189.00 -11.00 -16.00 8.00 -17.00 -2.00 -1.00 -6.00 -10.00 4.00 87.00 0.00 -17.00 -1.00 29.00 -1.00 -6.00 14.00 11.00
14842 11298	-1.00 17.00 76.00 -9.00 -8.00 1.00 -22.00 -13.00 7.00 2.00 -13.00 -19.00 5.00  1.00
14893 10800	-10.00 -9.00 -1.00 -7.00 183.00 0.00 -3.00 -5.00 3.00 -7.00 -3.00 -6.00 -10.00 39.00 6.00 12.00 -1.00 0.00 23.00 -4.00
14893 11292	1.00 -11.00 -1.00 -13.00 -8.00 -14.00 -11.00 96.00 -21.00 9.00 -17.00 1.00 8.00 -8.00 20.00 -7.00 -5.00 -7.00 -8.00
14893 11298	-11.00 -9.00 -10.00 716.00 31.00 -3.00 -4.00 6.00 -3.00 13.00
14893 12266	-20.00 -27.00 0.00 30.00 -3.00 -3.00 17.00 -13.00 -4.00
14893 12954	-11.00 -2.00 -14.00 -5.00 -16.00 -9.00
14893 13232	9.00 20.00 -13.00 -8.00 8.00 22.00 
14893 13487	-1.00 -15.00 15.00
14893 13830	-16.00 -23.00 -4.00 -8.00 -31.00
14893 14057	-1.00 -11.00 1.00 -8.00 19.00 38.00 -5.00 138.00 1.00 2.00 66.00
14893 14107	-14.00 -6.00 7.00 11.00 -14.00 8.00 -7.00 -14.00 -8.00 -3.00 4.00 -1.00 3.00 -6.00 1.00 -2.00 0.00 17.00 4.00 -11.00  -10.00 9.00 -8.00 -3.00 0.00 -9.00 -15.00 8.00
14893 14679	-6.00 -9.00 -11.00 -8.00 -10.00 -11.00 -3.00 -3.00 -4.00 -5.00 2.00 -9.00 3.00 31.00 72.00 -6.00 -14.00 -3.00 -5.00 -5.00 -9.00 -3.00 -9.00 3.00 2.00
14893 14747	18.00 -12.00 28.00 38.00 -17.00 79.00 -2.00 -5.00 -4.00 -14.00 5.00 0.00 3.00 0.00 -15.00 -10.00 -20.00 19.00 11.00 -27.00
14952 11298	53.00 -27.00 -8.00 1.00
15016 10693	0.00 37.00 7.00 -19.00
15016 10721	4.00 24.00 0.00 2.00 -4.00
15016 11193	-12.00 -11.00
15016 11278	-18.00 -16.00 33.00 -10.00 -11.00 -3.00 -8.00 -4.00 -16.00 5.00
15016 11292	-13.00 -25.00 4.00 23.00 17.00 0.00 -16.00 -17.00 56.00 -26.00 -21.00 10.00 1.00 -7.00 -6.00 -20.00 -16.00 9.00 11.00 58.00
15016 11298	33.00 -23.00 -36.00 5.00 -8.00 1.00 6.00 35.00 -8.00 -12.00  1.00 -15.00 7.00 31.00 28.00 16.00 39.00 28.00 -11.00 -11.00 -12.00 -35.00 -18.00
15016 11618	 -13.00 2.00 22.00 -9.00 -10.00 22.00 32.00 -27.00 191.00 -8.00 62.00 -10.00 1.00 -12.00 -2.00 6.00
15016 11986	 24.00 113.00 38.00 0.00 -15.00
15016 12266	-37.00 -27.00 -30.00
15016 13232	0.00 -14.00 -7.00 -2.00 -4.00 4.00 -2.00 3.00 27.00 22.00 -9.00 13.00 17.00 9.00 -2.00 43.00 48.00 -7.00
15016 13342	-16.00 -4.00 -6.00
15016 13487	-13.00 -2.00 -4.00 32.00 -10.00 112.00 16.00 -5.00 10.00 -19.00 -17.00 13.00 -14.00 -18.00
15016 14107	-28.00 -6.00 -16.00 -20.00 -31.00 -28.00 -10.00 30.00 -19.00 -4.00 22.00 -7.00 80.00 -15.00 -8.00 -25.00 -4.00 14.00 3.00 -8.00
15016 14635	17.00 -11.00 -2.00 -15.00 -16.00 -7.00 -21.00 -18.00
15016 14747	15.00 48.00 -7.00
15016 15304	14.00 -7.00 -18.00 8.00 57.00 8.00
15041 11292	-2.00
15096 11618	-18.00 -15.00 -25.00 -15.00
15096 12264	-47.00
15249 11298	21.00 34.00 -9.00 -9.00 -5.00 -18.00
15304 10158	-9.00 -6.00 -2.00
15304 10257	115.00 -16.00 -7.00 12.00 -5.00
15304 10529	-22.00 12.00 51.00 68.00 12.00 11.00 -2.00 -17.00 7.00
15304 10693	-8.00 -9.00 -7.00 1.00 -6.00 -5.00 0.00 -1.00 -4.00 -7.00
15304 10721	184.00 -15.00 1.00 -9.00 -6.00  1.00 18.00 -5.00
15304 10792	-24.00 19.00 -1.00 8.00 -13.00 3.00 44.00 -27.00
15304 11278	-5.00 -1.00 -17.00 -25.00 -1.00 -23.00 -10.00 -4.00 -7.00 -3.00 -17.00 1.00 -5.00 -2.00 42.00 -7.00 20.00 8.00 -17.00 2.00 19.00 -4.00 -18.00 -28.00 4.00 -22.00 -6.00 -15.00 -5.00 89.00  -23.00 -7.00
15304 11292	-14.00 -15.00 4.00 -26.00 -24.00 80.00 -2.00 -19.00 -8.00 -14.00 -37.00 -6.00 -11.00 20.00 17.00 13.00
15304 11298	2.00 45.00 -2.00 0.00 15.00 -11.00 -12.00 18.00 1.00 -21.00 -21.00 -2.00 -13.00 -25.00 -18.00 14.00 -11.00 45.00 30.00 -10.00 58.00 144.00 8.00
15304 11618	104.00 6.00 -10.00 -12.00 12.00 58.00 -22.00 61.00 16.00 -3.00 -20.00 -20.00 -18.00  -14.00 8.00 -17.00  -1.00  32.00 13.00 -7.00
15304 11986	-5.00
15304 12264	95.00 -19.00 25.00 -2.00 -3.00 25.00 -23.00 62.00 3.00 -27.00 0.00 1.00
15304 12266	-13.00 -12.00 -8.00 -7.00 -16.00 -12.00 -5.00 65.00 0.00 -3.00 4.00 51.00 -4.00 2.00 24.00  15.00
15304 13232	10.00 0.00 -16.00 6.00 4.00 12.00 21.00 -4.00 15.00 19.00 -9.00 43.00 5.00
15304 13296	9.00 -13.00 -7.00 -12.00 7.00
15304 13342	51.00 -13.00
15304 13487	20.00 -12.00 -16.00 26.00 -2.00 -24.00 -6.00 -29.00 -21.00 -1.00 6.00 -5.00 371.00 -7.00 -19.00 -9.00 -14.00 -2.00
15304 14107	-13.00 -10.00 -28.00 -19.00 -52.00 36.00 -1.00 -1.00
15304 14307	 -1.00
15304 14576	-22.00 -12.00 -18.00
15304 14730	-4.00 -2.00 5.00 7.00
15304 14747	-6.00 64.00 -1.00
15304 15016	-11.00 -8.00 6.00 11.00
15401 11298	-11.00 -16.00 -16.00 -4.00 28.00 -9.00 -21.00 36.00 106.00
15412 11292	99.00 -6.00 -9.00 7.00
15412 11298	17.00 15.00 12.00 37.00 -14.00 167.00 -27.00 147.00 43.00 5.00 -9.00 -5.00 -4.00 -9.00 11.00
15412 11618	-19.00 -15.00 
15412 12266	-9.00 4.00 255.00 10.00 -19.00 34.00 21.00
15841 12819	15.00 -3.00 -17.00 -23.00
15919 11292	-8.00 -19.00 65.00
15919 11298	242.00 -7.00 11.00 25.00 15.00 107.00 -15.00 -1.00 12.00 -2.00 167.00 -2.00 1.00 -3.00 44.00 -11.00 138.00 3.00
15919 11618	12.00 -4.00
15919 12266	31.00 -12.00 26.00 128.00 -18.00 -23.00 102.00 -1.00 -23.00
15919 13487	2.00 -8.00 8.00 2.00
15991 12523	-27.00 -37.00 -22.00 -14.00
