20.00	 0
-15.00	 0
30.00	 0
-3.00	 0
-3.00	 0
-5.00	 0
25.00	 0
1.00	 0
-19.00	 0
-13.00	 0
-12.00	 0
-14.00	 0
-12.00	 0
15.00	 0
14.00	 0
-14.00	 0
14.00	 0
79.00	 0
17.00	 0
52.00	 0
-19.00	 0
51.00	 0
41.00	 0
-7.00	 0
-9.00	 0
-4.00	 0
-8.00	 0
-4.00	 0
-13.00	 0
-17.00	 0
-10.00	 0
-14.00	 0
2.00	 0
-13.00	 0
-19.00	 0
-13.00	 0
-4.00	 0
14.00	 0
-25.00	 0
234.00	 0
-27.00	 0
-13.00	 0
-21.00	 0
-34.00	 0
-11.00	 0
-17.00	 0
-2.00	 0
18.00	 0
-21.00	 0
5.00	 0
32.00	 0
-6.00	 0
23.00	 0
2.00	 0
-9.00	 0
76.00	 0
-12.00	 0
-16.00	 0
13.00	 0
-39.00	 0
-15.00	 0
-50.00	 0
38.00	 0
0.00	 0
28.00	 0
-14.00	 0
-11.00	 0
24.00	 0
-9.00	 0
-23.00	 0
23.00	 0
-23.00	 0
17.00	 0
13.00	 0
-14.00	 0
14.00	 0
105.00	 0
-29.00	 0
	 0
1.00	 0
-19.00	 0
15.00	 0
-10.00	 0
-2.00	 0
-27.00	 0
29.00	 0
-10.00	 0
-13.00	 0
-18.00	 0
-18.00	 0
-15.00	 0
0.00	 0
5.00	 0
-13.00	 0
1.00	 0
7.00	 0
2.00	 0
-11.00	 0
4.00	 0
-13.00	 0
-15.00	 0
-6.00	 0
15.00	 0
2.00	 0
-17.00	 0
2.00	 0
-3.00	 0
0.00	 0
-7.00	 0
1.00	 0
-8.00	 0
-11.00	 0
21.00	 0
-25.00	 0
-15.00	 0
40.00	 0
-19.00	 0
-8.00	 0
91.00	 0
-5.00	 0
-5.00	 0
-17.00	 0
-19.00	 0
30.00	 0
	 0
-11.00	 0
-11.00	 0
-10.00	 0
-1.00	 0
-2.00	 0
16.00	 0
-18.00	 0
-11.00	 0
7.00	 0
73.00	 0
-18.00	 0
4.00	 0
-15.00	 0
-5.00	 0
-10.00	 0
-22.00	 0
-27.00	 0
-10.00	 0
115.00	 0
91.00	 0
5.00	 0
6.00	 0
93.00	 0
-8.00	 0
7.00	 0
-13.00	 0
-2.00	 0
5.00	 0
4.00	 0
59.00	 0
31.00	 0
35.00	 0
10.00	 0
7.00	 0
-12.00	 0
10.00	 0
10.00	 0
35.00	 0
-2.00	 0
-15.00	 0
-17.00	 0
-14.00	 0
-5.00	 0
-2.00	 0
5.00	 0
-12.00	 0
-6.00	 0
-28.00	 0
-5.00	 0
-16.00	 0
-24.00	 0
-4.00	 0
-14.00	 0
-22.00	 0
-7.00	 0
-20.00	 0
-15.00	 0
-7.00	 0
-3.00	 0
9.00	 0
17.00	 0
-10.00	 0
-6.00	 0
15.00	 0
6.00	 0
2.00	 0
26.00	 0
-11.00	 0
-11.00	 0
4.00	 0
-15.00	 0
-14.00	 0
-34.00	 0
1.00	 0
14.00	 0
11.00	 0
3.00	 0
-14.00	 0
-14.00	 0
-39.00	 0
-7.00	 0
-15.00	 0
-17.00	 0
36.00	 0
7.00	 0
16.00	 0
-6.00	 0
-18.00	 0
54.00	 0
-20.00	 0
-14.00	 0
-12.00	 0
-12.00	 0
-9.00	 0
9.00	 0
10.00	 0
-25.00	 0
-6.00	 0
50.00	 0
5.00	 0
-15.00	 0
-36.00	 0
-18.00	 0
-19.00	 0
30.00	 0
0.00	 0
-12.00	 0
3.00	 0
36.00	 0
88.00	 0
-5.00	 0
-16.00	 0
-4.00	 0
-3.00	 0
-1.00	 0
-5.00	 0
7.00	 0
7.00	 0
61.00	 0
2.00	 0
19.00	 0
-26.00	 0
-17.00	 0
-24.00	 0
20.00	 0
-16.00	 0
53.00	 0
-8.00	 0
7.00	 0
-17.00	 0
5.00	 0
62.00	 0
-6.00	 0
-9.00	 0
-3.00	 0
17.00	 0
	 0
122.00	 0
18.00	 0
63.00	 0
-21.00	 0
-21.00	 0
-7.00	 0
46.00	 0
-7.00	 0
-21.00	 0
-32.00	 0
282.00	 0
-11.00	 0
-20.00	 0
-29.00	 0
	 0
-17.00	 0
	 0
9.00	 0
-28.00	 0
141.00	 0
-10.00	 0
-12.00	 0
22.00	 0
21.00	 0
-13.00	 0
17.00	 0
-11.00	 0
-14.00	 0
-27.00	 0
-2.00	 0
-3.00	 0
25.00	 0
-4.00	 0
-32.00	 0
-23.00	 0
-27.00	 0
67.00	 0
-16.00	 0
-43.00	 0
-12.00	 0
-7.00	 0
-5.00	 0
-17.00	 0
-10.00	 0
1.00	 0
-10.00	 0
8.00	 0
3.00	 0
-1.00	 0
-33.00	 0
1.00	 0
23.00	 0
	 0
-14.00	 0
87.00	 0
106.00	 0
15.00	 0
-11.00	 0
-10.00	 0
-6.00	 0
-10.00	 0
-8.00	 0
-27.00	 0
-14.00	 0
42.00	 0
-7.00	 0
-5.00	 0
-8.00	 0
-17.00	 0
-31.00	 0
-5.00	 0
5.00	 0
-2.00	 0
-10.00	 0
-15.00	 0
41.00	 0
-13.00	 0
-12.00	 0
-11.00	 0
-2.00	 0
90.00	 0
-18.00	 0
-25.00	 0
48.00	 0
-10.00	 0
-14.00	 0
71.00	 0
30.00	 0
-5.00	 0
-18.00	 0
-8.00	 0
-11.00	 0
-14.00	 0
17.00	 0
-5.00	 0
-14.00	 0
-1.00	 0
	 0
94.00	 0
-15.00	 0
2.00	 0
19.00	 0
10.00	 0
53.00	 0
124.00	 0
15.00	 0
-26.00	 0
-23.00	 0
17.00	 0
-20.00	 0
38.00	 0
12.00	 0
7.00	 0
15.00	 0
-2.00	 0
-19.00	 0
161.00	 0
10.00	 0
14.00	 0
-30.00	 0
-14.00	 0
10.00	 0
76.00	 0
-24.00	 0
79.00	 0
-14.00	 0
6.00	 0
-9.00	 0
-28.00	 0
15.00	 0
-12.00	 0
25.00	 0
	 0
67.00	 0
-6.00	 0
-11.00	 0
-38.00	 0
-28.00	 0
-9.00	 0
-18.00	 0
14.00	 0
-22.00	 0
-3.00	 0
1.00	 0
5.00	 0
-45.00	 0
-1.00	 0
-29.00	 0
-10.00	 0
-2.00	 0
12.00	 0
-18.00	 0
	 0
-24.00	 0
108.00	 0
53.00	 0
-18.00	 0
7.00	 0
-2.00	 0
2.00	 0
8.00	 0
-13.00	 0
-1.00	 0
-5.00	 0
14.00	 0
-4.00	 0
-20.00	 0
-24.00	 0
-1.00	 0
5.00	 0
-19.00	 0
4.00	 0
0.00	 0
-15.00	 0
-33.00	 0
-9.00	 0
-30.00	 0
-7.00	 0
18.00	 0
-26.00	 0
-36.00	 0
-16.00	 0
-6.00	 0
11.00	 0
-20.00	 0
71.00	 0
33.00	 0
-16.00	 0
63.00	 0
-6.00	 0
0.00	 0
36.00	 0
17.00	 0
-11.00	 0
-8.00	 0
-25.00	 0
161.00	 0
-6.00	 0
9.00	 0
22.00	 0
-6.00	 0
11.00	 0
-11.00	 0
-2.00	 0
-7.00	 0
205.00	 0
2.00	 0
-9.00	 0
	 0
31.00	 0
-1.00	 0
62.00	 0
4.00	 0
-6.00	 0
65.00	 0
-7.00	 0
-13.00	 0
-2.00	 0
1.00	 0
-41.00	 0
-22.00	 0
-17.00	 0
39.00	 0
6.00	 0
-2.00	 0
109.00	 0
-6.00	 0
-20.00	 0
134.00	 0
6.00	 0
-36.00	 0
-24.00	 0
18.00	 0
-12.00	 0
-34.00	 0
6.00	 0
-10.00	 0
	 0
-23.00	 0
7.00	 0
60.00	 0
95.00	 0
1.00	 0
-5.00	 0
15.00	 0
-34.00	 0
-28.00	 0
-9.00	 0
	 0
25.00	 0
-4.00	 0
64.00	 0
-11.00	 0
-24.00	 0
-11.00	 0
-5.00	 0
-19.00	 0
63.00	 0
-20.00	 0
-17.00	 0
-14.00	 0
-13.00	 0
90.00	 0
17.00	 0
75.00	 0
8.00	 0
-5.00	 0
10.00	 0
-19.00	 0
-3.00	 0
19.00	 0
	 0
-4.00	 0
-17.00	 0
-17.00	 0
-8.00	 0
74.00	 0
9.00	 0
-3.00	 0
15.00	 0
-9.00	 0
-10.00	 0
-15.00	 0
-19.00	 0
10.00	 0
-16.00	 0
-14.00	 0
-17.00	 0
	 0
-12.00	 0
28.00	 0
-10.00	 0
-14.00	 0
8.00	 0
-12.00	 0
-15.00	 0
-18.00	 0
4.00	 0
-4.00	 0
5.00	 0
-6.00	 0
-6.00	 0
1.00	 0
10.00	 0
-6.00	 0
-20.00	 0
-14.00	 0
-9.00	 0
31.00	 0
11.00	 0
-15.00	 0
-8.00	 0
23.00	 0
-31.00	 0
-10.00	 0
3.00	 0
-21.00	 0
-8.00	 0
-27.00	 0
0.00	 0
-27.00	 0
-13.00	 0
-14.00	 0
21.00	 0
-8.00	 0
29.00	 0
-23.00	 0
17.00	 0
-13.00	 0
-5.00	 0
-3.00	 0
20.00	 0
	 0
-24.00	 0
4.00	 0
-26.00	 0
-19.00	 0
10.00	 0
-14.00	 0
	 0
-6.00	 0
-8.00	 0
-19.00	 0
-7.00	 0
-13.00	 0
-21.00	 0
-2.00	 0
0.00	 0
-8.00	 0
-16.00	 0
12.00	 0
-14.00	 0
-5.00	 0
-5.00	 0
3.00	 0
-12.00	 0
-18.00	 0
-22.00	 0
-11.00	 0
-7.00	 0
-20.00	 0
-4.00	 0
-25.00	 0
-10.00	 0
-22.00	 0
3.00	 0
-12.00	 0
-4.00	 0
-20.00	 0
-5.00	 0
-4.00	 0
0.00	 0
4.00	 0
2.00	 0
-6.00	 0
-12.00	 0
-15.00	 0
5.00	 0
-11.00	 0
-7.00	 0
-5.00	 0
-16.00	 0
62.00	 0
41.00	 0
2.00	 0
3.00	 0
-2.00	 0
-4.00	 0
-8.00	 0
2.00	 0
12.00	 0
5.00	 0
14.00	 0
4.00	 0
-20.00	 0
10.00	 0
-2.00	 0
-10.00	 0
0.00	 0
-22.00	 0
-5.00	 0
61.00	 0
-8.00	 0
-8.00	 0
40.00	 0
-15.00	 0
-33.00	 0
-1.00	 0
28.00	 0
-13.00	 0
107.00	 0
30.00	 0
13.00	 0
-9.00	 0
-27.00	 0
-21.00	 0
-1.00	 0
-2.00	 0
-25.00	 0
-25.00	 0
11.00	 0
-1.00	 0
0.00	 0
26.00	 0
73.00	 0
-22.00	 0
125.00	 0
40.00	 0
531.00	 0
-18.00	 0
-3.00	 0
6.00	 0
-6.00	 0
4.00	 0
-12.00	 0
2.00	 0
-19.00	 0
32.00	 0
27.00	 0
25.00	 0
39.00	 0
-18.00	 0
-15.00	 0
	 0
-6.00	 0
121.00	 0
9.00	 0
-20.00	 0
-16.00	 0
-8.00	 0
-25.00	 0
223.00	 0
-13.00	 0
-17.00	 0
40.00	 0
-11.00	 0
18.00	 0
-32.00	 0
-18.00	 0
-19.00	 0
79.00	 0
57.00	 0
-15.00	 0
14.00	 0
34.00	 0
33.00	 0
-13.00	 0
1.00	 0
-9.00	 0
108.00	 0
6.00	 0
-19.00	 0
15.00	 0
-9.00	 0
34.00	 0
-17.00	 0
-4.00	 0
6.00	 0
77.00	 0
-5.00	 0
103.00	 0
-9.00	 0
-9.00	 0
-14.00	 0
-4.00	 0
-21.00	 0
-9.00	 0
-27.00	 0
-5.00	 0
3.00	 0
10.00	 0
8.00	 0
48.00	 0
12.00	 0
-14.00	 0
31.00	 0
-10.00	 0
-16.00	 0
43.00	 0
-3.00	 0
18.00	 0
-11.00	 0
-15.00	 0
-6.00	 0
38.00	 0
-13.00	 0
-16.00	 0
-8.00	 0
-9.00	 0
-9.00	 0
-11.00	 0
-9.00	 0
-12.00	 0
98.00	 0
1.00	 0
26.00	 0
-12.00	 0
22.00	 0
-17.00	 0
	 0
3.00	 0
6.00	 0
-21.00	 0
4.00	 0
37.00	 0
29.00	 0
-16.00	 0
-18.00	 0
-20.00	 0
-15.00	 0
-4.00	 0
-23.00	 0
-9.00	 0
-13.00	 0
-13.00	 0
44.00	 0
4.00	 0
-30.00	 0
-29.00	 0
-56.00	 0
27.00	 0
-32.00	 0
-17.00	 0
-9.00	 0
-23.00	 0
9.00	 0
53.00	 0
41.00	 0
-3.00	 0
12.00	 0
2.00	 0
75.00	 0
-3.00	 0
51.00	 0
-8.00	 0
11.00	 0
-13.00	 0
13.00	 0
-25.00	 0
-3.00	 0
58.00	 0
-5.00	 0
46.00	 0
50.00	 0
26.00	 0
8.00	 0
1.00	 0
-13.00	 0
-2.00	 0
16.00	 0
-5.00	 0
10.00	 0
-1.00	 0
-14.00	 0
-15.00	 0
-2.00	 0
-5.00	 0
-11.00	 0
124.00	 0
-10.00	 0
-3.00	 0
0.00	 0
-18.00	 0
57.00	 0
20.00	 0
	 0
165.00	 0
42.00	 0
-21.00	 0
-13.00	 0
2.00	 0
18.00	 0
42.00	 0
28.00	 0
11.00	 0
9.00	 0
-24.00	 0
-3.00	 0
33.00	 0
31.00	 0
3.00	 0
11.00	 0
	 0
107.00	 0
-2.00	 0
84.00	 0
5.00	 0
-33.00	 0
-6.00	 0
-8.00	 0
-9.00	 0
38.00	 0
-1.00	 0
-13.00	 0
9.00	 0
101.00	 0
-11.00	 0
70.00	 0
-8.00	 0
24.00	 0
	 0
4.00	 0
84.00	 0
61.00	 0
11.00	 0
-16.00	 0
8.00	 0
9.00	 0
-7.00	 0
-9.00	 0
-12.00	 0
-2.00	 0
-9.00	 0
98.00	 0
32.00	 0
2.00	 0
-16.00	 0
35.00	 0
-18.00	 0
143.00	 0
-2.00	 0
-12.00	 0
3.00	 0
7.00	 0
2.00	 0
4.00	 0
-2.00	 0
12.00	 0
29.00	 0
-17.00	 0
-12.00	 0
4.00	 0
3.00	 0
112.00	 0
23.00	 0
77.00	 0
-6.00	 0
-4.00	 0
-13.00	 0
-6.00	 0
-12.00	 0
48.00	 0
-5.00	 0
-2.00	 0
36.00	 0
3.00	 0
-6.00	 0
-19.00	 0
-3.00	 0
2.00	 0
-10.00	 0
55.00	 0
-13.00	 0
-9.00	 0
73.00	 0
5.00	 0
11.00	 0
3.00	 0
17.00	 0
-5.00	 0
	 0
0.00	 0
35.00	 0
-6.00	 0
8.00	 0
-14.00	 0
4.00	 0
44.00	 0
31.00	 0
46.00	 0
18.00	 0
11.00	 0
-28.00	 0
24.00	 0
27.00	 0
38.00	 0
-1.00	 0
-2.00	 0
12.00	 0
0.00	 0
-20.00	 0
-16.00	 0
-1.00	 0
-3.00	 0
8.00	 0
7.00	 0
-10.00	 0
-3.00	 0
6.00	 0
9.00	 0
13.00	 0
-10.00	 0
-11.00	 0
1.00	 0
-8.00	 0
11.00	 0
-1.00	 0
92.00	 0
-11.00	 0
-14.00	 0
38.00	 0
-12.00	 0
39.00	 0
-3.00	 0
37.00	 0
-7.00	 0
0.00	 0
21.00	 0
-5.00	 0
-3.00	 0
31.00	 0
43.00	 0
-3.00	 0
4.00	 0
2.00	 0
19.00	 0
-12.00	 0
10.00	 0
32.00	 0
-18.00	 0
10.00	 0
-6.00	 0
20.00	 0
7.00	 0
125.00	 0
8.00	 0
7.00	 0
7.00	 0
9.00	 0
6.00	 0
-1.00	 0
-5.00	 0
-7.00	 0
161.00	 0
37.00	 0
-8.00	 0
-2.00	 0
39.00	 0
30.00	 0
-10.00	 0
12.00	 0
-12.00	 0
-4.00	 0
-8.00	 0
21.00	 0
38.00	 0
-37.00	 0
3.00	 0
0.00	 0
8.00	 0
-26.00	 0
0.00	 0
-2.00	 0
8.00	 0
-14.00	 0
67.00	 0
-7.00	 0
19.00	 0
40.00	 0
	 0
-13.00	 0
7.00	 0
4.00	 0
-13.00	 0
10.00	 0
10.00	 0
-20.00	 0
36.00	 0
4.00	 0
	 0
-3.00	 0
13.00	 0
-6.00	 0
137.00	 0
16.00	 0
-12.00	 0
-4.00	 0
-3.00	 0
29.00	 0
-13.00	 0
-3.00	 0
-3.00	 0
-1.00	 0
-8.00	 0
-21.00	 0
3.00	 0
10.00	 0
-15.00	 0
-14.00	 0
-8.00	 0
-9.00	 0
-1.00	 0
1.00	 0
0.00	 0
54.00	 0
-24.00	 0
	 0
16.00	 0
3.00	 0
5.00	 0
-13.00	 0
9.00	 0
-27.00	 0
-7.00	 0
162.00	 0
-21.00	 0
-3.00	 0
0.00	 0
	 0
-19.00	 0
-18.00	 0
-20.00	 0
12.00	 0
-30.00	 0
-35.00	 0
-1.00	 0
-17.00	 0
-18.00	 0
-1.00	 0
63.00	 0
-20.00	 0
21.00	 0
-23.00	 0
26.00	 0
32.00	 0
-5.00	 0
3.00	 0
-11.00	 0
25.00	 0
-9.00	 0
32.00	 0
-12.00	 0
-13.00	 0
38.00	 0
9.00	 0
-3.00	 0
5.00	 0
-14.00	 0
-15.00	 0
39.00	 0
64.00	 0
-17.00	 0
4.00	 0
3.00	 0
-20.00	 0
-28.00	 0
	 0
-11.00	 0
16.00	 0
2.00	 0
2.00	 0
-10.00	 0
-24.00	 0
0.00	 0
24.00	 0
-19.00	 0
69.00	 0
17.00	 0
-18.00	 0
0.00	 0
-35.00	 0
-3.00	 0
-9.00	 0
2.00	 0
-15.00	 0
-7.00	 0
15.00	 0
-20.00	 0
-3.00	 0
-25.00	 0
-12.00	 0
41.00	 0
41.00	 0
72.00	 0
-8.00	 0
-13.00	 0
10.00	 0
20.00	 0
-2.00	 0
-4.00	 0
-11.00	 0
-2.00	 0
-12.00	 0
-5.00	 0
109.00	 0
-33.00	 0
-18.00	 0
-7.00	 0
56.00	 0
13.00	 0
6.00	 0
-8.00	 0
-23.00	 0
-24.00	 0
104.00	 0
	 0
-14.00	 0
-2.00	 0
-6.00	 0
-21.00	 0
45.00	 0
-11.00	 0
10.00	 0
19.00	 0
-42.00	 0
-26.00	 0
13.00	 0
-13.00	 0
-34.00	 0
	 0
-6.00	 0
-34.00	 0
-14.00	 0
-12.00	 0
-12.00	 0
9.00	 0
-3.00	 0
-10.00	 0
-9.00	 0
-12.00	 0
38.00	 0
39.00	 0
14.00	 0
-5.00	 0
6.00	 0
-32.00	 0
	 0
8.00	 0
30.00	 0
-7.00	 0
9.00	 0
-19.00	 0
-9.00	 0
-1.00	 0
96.00	 0
8.00	 0
-11.00	 0
-13.00	 0
-15.00	 0
3.00	 0
0.00	 0
0.00	 0
1.00	 0
-8.00	 0
-7.00	 0
-23.00	 0
	 0
4.00	 0
	 0
-15.00	 0
45.00	 0
-26.00	 0
72.00	 0
32.00	 0
14.00	 0
13.00	 0
30.00	 0
-4.00	 0
-9.00	 0
-10.00	 0
32.00	 0
-30.00	 0
-11.00	 0
	 0
36.00	 0
-12.00	 0
102.00	 0
	 0
29.00	 0
-25.00	 0
62.00	 0
-7.00	 0
-6.00	 0
31.00	 0
-9.00	 0
-10.00	 0
14.00	 0
-14.00	 0
-16.00	 0
-7.00	 0
-7.00	 0
-5.00	 0
-4.00	 0
-13.00	 0
-11.00	 0
1.00	 0
3.00	 0
28.00	 0
113.00	 0
-13.00	 0
	 0
-10.00	 0
103.00	 0
-1.00	 0
-26.00	 0
3.00	 0
-12.00	 0
-18.00	 0
6.00	 0
10.00	 0
-17.00	 0
-7.00	 0
16.00	 0
15.00	 0
-29.00	 0
62.00	 0
5.00	 0
7.00	 0
-7.00	 0
6.00	 0
-16.00	 0
2.00	 0
-17.00	 0
-15.00	 0
-26.00	 0
4.00	 0
-9.00	 0
-10.00	 0
10.00	 0
137.00	 0
-18.00	 0
-3.00	 0
10.00	 0
-13.00	 0
	 0
-1.00	 0
-4.00	 0
15.00	 0
-16.00	 0
-18.00	 0
-14.00	 0
-10.00	 0
39.00	 0
0.00	 0
-3.00	 0
-4.00	 0
-5.00	 0
-28.00	 0
-35.00	 0
	 0
-6.00	 0
26.00	 0
-21.00	 0
-11.00	 0
11.00	 0
-13.00	 0
0.00	 0
2.00	 0
11.00	 0
17.00	 0
-22.00	 0
-11.00	 0
47.00	 0
-18.00	 0
-19.00	 0
-5.00	 0
6.00	 0
22.00	 0
-1.00	 0
13.00	 0
7.00	 0
-13.00	 0
-10.00	 0
-10.00	 0
3.00	 0
49.00	 0
4.00	 0
0.00	 0
-2.00	 0
18.00	 0
-6.00	 0
29.00	 0
81.00	 0
-36.00	 0
-18.00	 0
-3.00	 0
-2.00	 0
-21.00	 0
-13.00	 0
6.00	 0
21.00	 0
-12.00	 0
77.00	 0
-9.00	 0
-3.00	 0
-6.00	 0
-25.00	 0
	 0
183.00	 0
-18.00	 0
-12.00	 0
6.00	 0
-2.00	 0
-8.00	 0
8.00	 0
	 0
-8.00	 0
31.00	 0
-1.00	 0
-26.00	 0
12.00	 0
-9.00	 0
-9.00	 0
26.00	 0
2.00	 0
-27.00	 0
-9.00	 0
-17.00	 0
-8.00	 0
-18.00	 0
-10.00	 0
-30.00	 0
-23.00	 0
-15.00	 0
42.00	 0
25.00	 0
-14.00	 0
29.00	 0
-22.00	 0
-14.00	 0
1.00	 0
-27.00	 0
-60.00	 0
-19.00	 0
-11.00	 0
14.00	 0
-33.00	 0
-17.00	 0
14.00	 0
-40.00	 0
8.00	 0
-7.00	 0
-11.00	 0
-8.00	 0
1.00	 0
-7.00	 0
14.00	 0
18.00	 0
-4.00	 0
-13.00	 0
-1.00	 0
-4.00	 0
-9.00	 0
43.00	 0
14.00	 0
5.00	 0
6.00	 0
-17.00	 0
64.00	 0
-25.00	 0
-19.00	 0
-19.00	 0
87.00	 0
17.00	 0
106.00	 0
84.00	 0
-6.00	 0
-25.00	 0
-3.00	 0
-32.00	 0
10.00	 0
-44.00	 0
-32.00	 0
	 0
4.00	 0
8.00	 0
-2.00	 0
-27.00	 0
-2.00	 0
75.00	 0
-20.00	 0
-2.00	 0
3.00	 0
-8.00	 0
2.00	 0
-7.00	 0
2.00	 0
9.00	 0
8.00	 0
-17.00	 0
-4.00	 0
-36.00	 0
-5.00	 0
13.00	 0
-1.00	 0
15.00	 0
-6.00	 0
28.00	 0
-24.00	 0
-12.00	 0
13.00	 0
14.00	 0
-8.00	 0
52.00	 0
-1.00	 0
-19.00	 0
-14.00	 0
-14.00	 0
	 0
-10.00	 0
58.00	 0
-15.00	 0
5.00	 0
-6.00	 0
0.00	 0
-16.00	 0
-5.00	 0
138.00	 0
12.00	 0
-13.00	 0
41.00	 0
-6.00	 0
-8.00	 0
-8.00	 0
-15.00	 0
9.00	 0
-8.00	 0
-13.00	 0
17.00	 0
-19.00	 0
1.00	 0
-5.00	 0
-23.00	 0
-20.00	 0
9.00	 0
-13.00	 0
0.00	 0
	 0
	 0
	 0
31.00	 0
-35.00	 0
-18.00	 0
-21.00	 0
-8.00	 0
5.00	 0
-4.00	 0
-28.00	 0
33.00	 0
14.00	 0
-27.00	 0
16.00	 0
-9.00	 0
	 0
17.00	 0
-3.00	 0
-1.00	 0
0.00	 0
-11.00	 0
68.00	 0
2.00	 0
-6.00	 0
-18.00	 0
-4.00	 0
-2.00	 0
-1.00	 0
-2.00	 0
-19.00	 0
8.00	 0
41.00	 0
20.00	 0
-6.00	 0
-15.00	 0
2.00	 0
10.00	 0
22.00	 0
35.00	 0
-23.00	 0
11.00	 0
-14.00	 0
-23.00	 0
-8.00	 0
	 0
24.00	 0
-18.00	 0
-29.00	 0
-9.00	 0
58.00	 0
-1.00	 0
131.00	 0
-1.00	 0
-7.00	 0
-16.00	 0
-22.00	 0
7.00	 0
-9.00	 0
-7.00	 0
-10.00	 0
-6.00	 0
138.00	 0
14.00	 0
-8.00	 0
-13.00	 0
14.00	 0
-17.00	 0
8.00	 0
-11.00	 0
10.00	 0
-15.00	 0
-4.00	 0
-26.00	 0
-11.00	 0
-4.00	 0
8.00	 0
-18.00	 0
-3.00	 0
17.00	 0
8.00	 0
0.00	 0
-2.00	 0
26.00	 0
-8.00	 0
0.00	 0
-11.00	 0
-25.00	 0
16.00	 0
-14.00	 0
4.00	 0
-5.00	 0
20.00	 0
17.00	 0
-1.00	 0
18.00	 0
73.00	 0
36.00	 0
-8.00	 0
1.00	 0
8.00	 0
11.00	 0
-16.00	 0
-4.00	 0
2.00	 0
1.00	 0
-39.00	 0
-15.00	 0
76.00	 0
-4.00	 0
5.00	 0
-10.00	 0
-4.00	 0
-13.00	 0
-7.00	 0
-5.00	 0
9.00	 0
5.00	 0
46.00	 0
28.00	 0
-12.00	 0
-13.00	 0
-5.00	 0
24.00	 0
-20.00	 0
-1.00	 0
2.00	 0
5.00	 0
1.00	 0
11.00	 0
-11.00	 0
5.00	 0
-8.00	 0
-2.00	 0
7.00	 0
24.00	 0
-1.00	 0
81.00	 0
-3.00	 0
-10.00	 0
9.00	 0
8.00	 0
-3.00	 0
-23.00	 0
11.00	 0
32.00	 0
-8.00	 0
-7.00	 0
26.00	 0
-28.00	 0
73.00	 0
-6.00	 0
-9.00	 0
19.00	 0
-14.00	 0
-3.00	 0
-16.00	 0
-12.00	 0
-14.00	 0
10.00	 0
38.00	 0
-11.00	 0
-17.00	 0
-34.00	 0
-25.00	 0
-24.00	 0
12.00	 0
-17.00	 0
-12.00	 0
-21.00	 0
28.00	 0
-10.00	 0
-10.00	 0
4.00	 0
7.00	 0
-20.00	 0
-19.00	 0
19.00	 0
0.00	 0
4.00	 0
-29.00	 0
-24.00	 0
10.00	 0
-15.00	 0
-11.00	 0
-11.00	 0
203.00	 0
-12.00	 0
-37.00	 0
-5.00	 0
-5.00	 0
-9.00	 0
-17.00	 0
-19.00	 0
-7.00	 0
-34.00	 0
-23.00	 0
18.00	 0
10.00	 0
-14.00	 0
-20.00	 0
10.00	 0
-3.00	 0
68.00	 0
19.00	 0
-19.00	 0
0.00	 0
1.00	 0
20.00	 0
4.00	 0
6.00	 0
107.00	 0
-23.00	 0
-37.00	 0
-22.00	 0
50.00	 0
	 0
12.00	 0
-9.00	 0
-8.00	 0
18.00	 0
-2.00	 0
-8.00	 0
-5.00	 0
-10.00	 0
-5.00	 0
1.00	 0
21.00	 0
-8.00	 0
-6.00	 0
23.00	 0
30.00	 0
8.00	 0
-9.00	 0
4.00	 0
4.00	 0
-11.00	 0
-2.00	 0
-8.00	 0
194.00	 0
-29.00	 0
34.00	 0
	 0
75.00	 0
5.00	 0
-13.00	 0
29.00	 0
-7.00	 0
48.00	 0
-20.00	 0
42.00	 0
109.00	 0
-38.00	 0
-12.00	 0
-2.00	 0
-31.00	 0
-15.00	 0
45.00	 0
-12.00	 0
6.00	 0
-4.00	 0
-23.00	 0
-19.00	 0
0.00	 0
-15.00	 0
11.00	 0
-1.00	 0
11.00	 0
3.00	 0
	 0
116.00	 0
-6.00	 0
-23.00	 0
-29.00	 0
-28.00	 0
97.00	 0
-16.00	 0
-16.00	 0
-4.00	 0
	 0
-8.00	 0
34.00	 0
12.00	 0
0.00	 0
-15.00	 0
-10.00	 0
10.00	 0
-4.00	 0
-2.00	 0
92.00	 0
4.00	 0
-2.00	 0
74.00	 0
114.00	 0
-20.00	 0
-15.00	 0
3.00	 0
6.00	 0
	 0
-18.00	 0
9.00	 0
-32.00	 0
120.00	 0
-5.00	 0
-39.00	 0
	 0
-13.00	 0
-23.00	 0
-18.00	 0
25.00	 0
-22.00	 0
248.00	 0
-10.00	 0
-8.00	 0
-27.00	 0
-14.00	 0
-50.00	 0
-25.00	 0
5.00	 0
11.00	 0
2.00	 0
-7.00	 0
1.00	 0
-3.00	 0
-5.00	 0
-5.00	 0
-11.00	 0
-8.00	 0
-24.00	 0
-8.00	 0
-11.00	 0
-8.00	 0
10.00	 0
-5.00	 0
-15.00	 0
3.00	 0
0.00	 0
17.00	 0
-11.00	 0
17.00	 0
-14.00	 0
12.00	 0
5.00	 0
73.00	 0
-7.00	 0
5.00	 0
42.00	 0
5.00	 0
3.00	 0
54.00	 0
-6.00	 0
76.00	 0
4.00	 0
-15.00	 0
36.00	 0
-5.00	 0
6.00	 0
-2.00	 0
16.00	 0
6.00	 0
19.00	 0
41.00	 0
94.00	 0
-19.00	 0
-10.00	 0
-17.00	 0
6.00	 0
20.00	 0
1.00	 0
-3.00	 0
-13.00	 0
-9.00	 0
17.00	 0
41.00	 0
-8.00	 0
41.00	 0
3.00	 0
22.00	 0
-6.00	 0
32.00	 0
43.00	 0
-3.00	 0
-10.00	 0
-17.00	 0
-17.00	 0
-2.00	 0
44.00	 0
23.00	 0
5.00	 0
76.00	 0
	 0
-6.00	 0
-13.00	 0
-4.00	 0
21.00	 0
-9.00	 0
30.00	 0
-3.00	 0
73.00	 0
-4.00	 0
0.00	 0
-4.00	 0
-15.00	 0
-12.00	 0
7.00	 0
5.00	 0
-5.00	 0
11.00	 0
72.00	 0
-4.00	 0
48.00	 0
-20.00	 0
14.00	 0
-5.00	 0
-1.00	 0
-1.00	 0
-18.00	 0
-1.00	 0
33.00	 0
-17.00	 0
-14.00	 0
-14.00	 0
-3.00	 0
-36.00	 0
-13.00	 0
-18.00	 0
32.00	 0
-4.00	 0
-19.00	 0
32.00	 0
91.00	 0
272.00	 0
-2.00	 0
-23.00	 0
6.00	 0
-9.00	 0
10.00	 0
-9.00	 0
12.00	 0
8.00	 0
-8.00	 0
16.00	 0
7.00	 0
22.00	 0
0.00	 0
68.00	 0
-14.00	 0
6.00	 0
-20.00	 0
-11.00	 0
13.00	 0
-11.00	 0
13.00	 0
-5.00	 0
-17.00	 0
25.00	 0
11.00	 0
321.00	 0
	 0
170.00	 0
41.00	 0
-16.00	 0
-17.00	 0
-18.00	 0
-12.00	 0
31.00	 0
11.00	 0
0.00	 0
-27.00	 0
-8.00	 0
14.00	 0
-11.00	 0
6.00	 0
-9.00	 0
-27.00	 0
-4.00	 0
-6.00	 0
-11.00	 0
13.00	 0
-2.00	 0
-22.00	 0
-2.00	 0
-32.00	 0
-4.00	 0
2.00	 0
	 0
-8.00	 0
117.00	 0
-15.00	 0
3.00	 0
-23.00	 0
15.00	 0
8.00	 0
92.00	 0
-28.00	 0
-13.00	 0
-11.00	 0
-14.00	 0
-12.00	 0
	 0
13.00	 0
6.00	 0
-32.00	 0
54.00	 0
-12.00	 0
-1.00	 0
207.00	 0
-21.00	 0
-11.00	 0
-22.00	 0
7.00	 0
	 0
-37.00	 0
-18.00	 0
	 0
-16.00	 0
	 0
99.00	 0
-14.00	 0
116.00	 0
-16.00	 0
0.00	 0
-23.00	 0
50.00	 0
5.00	 0
15.00	 0
-8.00	 0
-9.00	 0
-2.00	 0
5.00	 0
58.00	 0
-6.00	 0
-11.00	 0
-25.00	 0
-9.00	 0
-7.00	 0
-12.00	 0
-28.00	 0
6.00	 0
-7.00	 0
-7.00	 0
-24.00	 0
-26.00	 0
-7.00	 0
-8.00	 0
142.00	 0
0.00	 0
-9.00	 0
3.00	 0
-10.00	 0
-4.00	 0
12.00	 0
-8.00	 0
66.00	 0
	 0
-5.00	 0
57.00	 0
-22.00	 0
8.00	 0
-5.00	 0
-14.00	 0
-16.00	 0
9.00	 0
-12.00	 0
-11.00	 0
0.00	 0
-13.00	 0
8.00	 0
-4.00	 0
22.00	 0
-9.00	 0
	 0
-3.00	 0
30.00	 0
-15.00	 0
-25.00	 0
-7.00	 0
-7.00	 0
8.00	 0
2.00	 0
9.00	 0
-23.00	 0
-10.00	 0
-16.00	 0
26.00	 0
15.00	 0
-29.00	 0
76.00	 0
-28.00	 0
16.00	 0
-6.00	 0
5.00	 0
-12.00	 0
-20.00	 0
-20.00	 0
-24.00	 0
0.00	 0
6.00	 0
42.00	 0
1.00	 0
-1.00	 0
-20.00	 0
-18.00	 0
-15.00	 0
-22.00	 0
-6.00	 0
-7.00	 0
7.00	 0
-25.00	 0
31.00	 0
-4.00	 0
-1.00	 0
-17.00	 0
6.00	 0
-10.00	 0
-17.00	 0
-5.00	 0
-14.00	 0
-8.00	 0
-5.00	 0
4.00	 0
-25.00	 0
-8.00	 0
-21.00	 0
4.00	 0
-4.00	 0
-1.00	 0
-6.00	 0
-7.00	 0
5.00	 0
-1.00	 0
5.00	 0
20.00	 0
36.00	 0
-18.00	 0
10.00	 0
-12.00	 0
12.00	 0
-15.00	 0
-1.00	 0
1.00	 0
-2.00	 0
-20.00	 0
-32.00	 0
-4.00	 0
26.00	 0
-5.00	 0
23.00	 0
-8.00	 0
-23.00	 0
-18.00	 0
	 0
-12.00	 0
-1.00	 0
32.00	 0
2.00	 0
-10.00	 0
3.00	 0
66.00	 0
-9.00	 0
-20.00	 0
	 0
-14.00	 0
3.00	 0
-6.00	 0
-11.00	 0
-5.00	 0
-5.00	 0
-16.00	 0
12.00	 0
10.00	 0
-15.00	 0
-16.00	 0
78.00	 0
44.00	 0
6.00	 0
-1.00	 0
-12.00	 0
-14.00	 0
-14.00	 0
-18.00	 0
8.00	 0
-13.00	 0
-1.00	 0
26.00	 0
	 0
57.00	 0
6.00	 0
-2.00	 0
-9.00	 0
50.00	 0
-13.00	 0
0.00	 0
6.00	 0
-15.00	 0
-18.00	 0
-4.00	 0
-18.00	 0
-1.00	 0
32.00	 0
31.00	 0
16.00	 0
-14.00	 0
-18.00	 0
83.00	 0
-1.00	 0
-12.00	 0
8.00	 0
-11.00	 0
-17.00	 0
12.00	 0
31.00	 0
3.00	 0
153.00	 0
-29.00	 0
1.00	 0
	 0
-9.00	 0
-10.00	 0
59.00	 0
-13.00	 0
-26.00	 0
-22.00	 0
10.00	 0
-6.00	 0
-6.00	 0
-14.00	 0
-13.00	 0
169.00	 0
3.00	 0
-26.00	 0
-33.00	 0
-16.00	 0
16.00	 0
-24.00	 0
-9.00	 0
-25.00	 0
95.00	 0
28.00	 0
-14.00	 0
-23.00	 0
-16.00	 0
8.00	 0
26.00	 0
4.00	 0
3.00	 0
8.00	 0
17.00	 0
-24.00	 0
-26.00	 0
-18.00	 0
-7.00	 0
13.00	 0
12.00	 0
-1.00	 0
-1.00	 0
-18.00	 0
-1.00	 0
-25.00	 0
12.00	 0
5.00	 0
2.00	 0
-33.00	 0
-22.00	 0
-2.00	 0
17.00	 0
19.00	 0
	 0
-30.00	 0
-5.00	 0
-25.00	 0
-4.00	 0
-9.00	 0
	 0
-5.00	 0
2.00	 0
-15.00	 0
-21.00	 0
-8.00	 0
11.00	 0
-9.00	 0
-19.00	 0
-26.00	 0
-16.00	 0
47.00	 0
3.00	 0
-1.00	 0
21.00	 0
-17.00	 0
51.00	 0
-5.00	 0
-40.00	 0
-8.00	 0
	 0
-9.00	 0
43.00	 0
4.00	 0
67.00	 0
1.00	 0
-20.00	 0
-10.00	 0
1.00	 0
-15.00	 0
-4.00	 0
11.00	 0
12.00	 0
-6.00	 0
48.00	 0
2.00	 0
90.00	 0
-15.00	 0
-12.00	 0
-4.00	 0
-22.00	 0
21.00	 0
16.00	 0
-9.00	 0
-4.00	 0
-12.00	 0
70.00	 0
-22.00	 0
-5.00	 0
-9.00	 0
-53.00	 0
-3.00	 0
-16.00	 0
-33.00	 0
-13.00	 0
-17.00	 0
-29.00	 0
3.00	 0
	 0
-37.00	 0
60.00	 0
-10.00	 0
-29.00	 0
319.00	 0
-8.00	 0
-17.00	 0
31.00	 0
86.00	 0
-8.00	 0
14.00	 0
26.00	 0
0.00	 0
88.00	 0
-2.00	 0
-4.00	 0
-12.00	 0
4.00	 0
-9.00	 0
30.00	 0
7.00	 0
-1.00	 0
1.00	 0
-12.00	 0
3.00	 0
-6.00	 0
-36.00	 0
1.00	 0
-2.00	 0
	 0
-26.00	 0
-27.00	 0
	 0
-48.00	 0
11.00	 0
7.00	 0
-11.00	 0
-27.00	 0
-7.00	 0
-20.00	 0
17.00	 0
-8.00	 0
20.00	 0
-14.00	 0
-13.00	 0
-17.00	 0
-14.00	 0
0.00	 0
103.00	 0
48.00	 0
15.00	 0
-5.00	 0
-23.00	 0
-26.00	 0
11.00	 0
-12.00	 0
-6.00	 0
-6.00	 0
-17.00	 0
4.00	 0
-11.00	 0
7.00	 0
-33.00	 0
-17.00	 0
-11.00	 0
13.00	 0
-6.00	 0
0.00	 0
-13.00	 0
1.00	 0
-32.00	 0
-9.00	 0
114.00	 0
-11.00	 0
13.00	 0
-23.00	 0
-18.00	 0
-17.00	 0
-1.00	 0
29.00	 0
107.00	 0
-28.00	 0
-12.00	 0
-9.00	 0
-7.00	 0
-28.00	 0
-22.00	 0
-25.00	 0
-11.00	 0
-9.00	 0
-20.00	 0
-11.00	 0
-13.00	 0
-9.00	 0
7.00	 0
110.00	 0
8.00	 0
-8.00	 0
-8.00	 0
41.00	 0
-5.00	 0
2.00	 0
-2.00	 0
9.00	 0
-29.00	 0
-13.00	 0
121.00	 0
-17.00	 0
-17.00	 0
5.00	 0
-50.00	 0
-32.00	 0
-7.00	 0
-16.00	 0
-36.00	 0
-4.00	 0
-7.00	 0
-9.00	 0
-15.00	 0
-19.00	 0
7.00	 0
5.00	 0
-3.00	 0
20.00	 0
-10.00	 0
-10.00	 0
-5.00	 0
4.00	 0
19.00	 0
-2.00	 0
-18.00	 0
-2.00	 0
-18.00	 0
-9.00	 0
-34.00	 0
80.00	 0
0.00	 0
9.00	 0
4.00	 0
-1.00	 0
-26.00	 0
55.00	 0
19.00	 0
-44.00	 0
-4.00	 0
-14.00	 0
-12.00	 0
-13.00	 0
10.00	 0
9.00	 0
-4.00	 0
-11.00	 0
-13.00	 0
-16.00	 0
24.00	 0
-7.00	 0
12.00	 0
-7.00	 0
19.00	 0
-11.00	 0
5.00	 0
-3.00	 0
6.00	 0
13.00	 0
1.00	 0
-26.00	 0
18.00	 0
-5.00	 0
-3.00	 0
19.00	 0
-1.00	 0
-10.00	 0
19.00	 0
-17.00	 0
5.00	 0
-5.00	 0
7.00	 0
122.00	 0
-1.00	 0
-8.00	 0
-2.00	 0
16.00	 0
-39.00	 0
-2.00	 0
-27.00	 0
6.00	 0
1.00	 0
-4.00	 0
-13.00	 0
3.00	 0
156.00	 0
-32.00	 0
-14.00	 0
-7.00	 0
-2.00	 0
1.00	 0
-11.00	 0
-9.00	 0
-10.00	 0
-9.00	 0
1.00	 0
-12.00	 0
2.00	 0
-12.00	 0
-14.00	 0
-27.00	 0
-25.00	 0
	 0
-13.00	 0
-5.00	 0
79.00	 0
89.00	 0
-21.00	 0
-14.00	 0
-16.00	 0
-9.00	 0
-1.00	 0
13.00	 0
-26.00	 0
-12.00	 0
20.00	 0
-11.00	 0
-18.00	 0
-17.00	 0
2.00	 0
3.00	 0
111.00	 0
-5.00	 0
-6.00	 0
-20.00	 0
10.00	 0
-6.00	 0
-23.00	 0
-5.00	 0
107.00	 0
1.00	 0
-6.00	 0
-9.00	 0
-11.00	 0
55.00	 0
11.00	 0
-5.00	 0
9.00	 0
-33.00	 0
4.00	 0
6.00	 0
22.00	 0
54.00	 0
-26.00	 0
108.00	 0
77.00	 0
75.00	 0
15.00	 0
-9.00	 0
-5.00	 0
-3.00	 0
-4.00	 0
19.00	 0
	 0
22.00	 0
	 0
89.00	 0
43.00	 0
27.00	 0
-13.00	 0
72.00	 0
6.00	 0
124.00	 0
133.00	 0
37.00	 0
8.00	 0
25.00	 0
-12.00	 0
101.00	 0
129.00	 0
2.00	 0
-10.00	 0
380.00	 0
9.00	 0
21.00	 0
43.00	 0
	 0
12.00	 0
16.00	 0
-18.00	 0
-5.00	 0
177.00	 0
-9.00	 0
60.00	 0
3.00	 0
64.00	 0
-14.00	 0
1.00	 0
70.00	 0
30.00	 0
13.00	 0
2.00	 0
27.00	 0
-19.00	 0
-5.00	 0
32.00	 0
-1.00	 0
-9.00	 0
-10.00	 0
2.00	 0
	 0
	 0
34.00	 0
33.00	 0
12.00	 0
5.00	 0
3.00	 0
-7.00	 0
-5.00	 0
-4.00	 0
15.00	 0
47.00	 0
-5.00	 0
-21.00	 0
-11.00	 0
	 0
2.00	 0
-1.00	 0
-10.00	 0
-2.00	 0
136.00	 0
3.00	 0
-4.00	 0
	 0
-13.00	 0
-5.00	 0
27.00	 0
81.00	 0
8.00	 0
-5.00	 0
-6.00	 0
-8.00	 0
99.00	 0
-3.00	 0
22.00	 0
13.00	 0
99.00	 0
-26.00	 0
-14.00	 0
-20.00	 0
4.00	 0
-15.00	 0
	 0
-10.00	 0
-15.00	 0
4.00	 0
-20.00	 0
17.00	 0
-2.00	 0
-14.00	 0
103.00	 0
	 0
109.00	 0
	 0
10.00	 0
-9.00	 0
-28.00	 0
38.00	 0
9.00	 0
-6.00	 0
-15.00	 0
-12.00	 0
150.00	 0
-12.00	 0
3.00	 0
14.00	 0
7.00	 0
7.00	 0
40.00	 0
-23.00	 0
-4.00	 0
-14.00	 0
42.00	 0
-2.00	 0
44.00	 0
25.00	 0
2.00	 0
-6.00	 0
-39.00	 0
78.00	 0
11.00	 0
1.00	 0
-11.00	 0
23.00	 0
-14.00	 0
82.00	 0
-11.00	 0
-14.00	 0
-9.00	 0
-33.00	 0
59.00	 0
-14.00	 0
-2.00	 0
-9.00	 0
	 0
29.00	 0
-16.00	 0
7.00	 0
-31.00	 0
14.00	 0
-4.00	 0
-9.00	 0
10.00	 0
2.00	 0
2.00	 0
15.00	 0
46.00	 0
0.00	 0
	 0
-12.00	 0
1.00	 0
	 0
-11.00	 0
-2.00	 0
-11.00	 0
-8.00	 0
-11.00	 0
-14.00	 0
19.00	 0
-12.00	 0
-32.00	 0
-12.00	 0
	 0
5.00	 0
-23.00	 0
-23.00	 0
-9.00	 0
-22.00	 0
27.00	 0
9.00	 0
20.00	 0
-15.00	 0
1.00	 0
3.00	 0
-23.00	 0
-10.00	 0
-14.00	 0
60.00	 0
-34.00	 0
-10.00	 0
-3.00	 0
-3.00	 0
78.00	 0
4.00	 0
23.00	 0
-2.00	 0
-17.00	 0
-11.00	 0
-5.00	 0
-21.00	 0
-32.00	 0
3.00	 0
3.00	 0
-16.00	 0
-9.00	 0
-10.00	 0
-21.00	 0
105.00	 0
45.00	 0
-45.00	 0
7.00	 0
	 0
-8.00	 0
-28.00	 0
-8.00	 0
55.00	 0
	 0
-2.00	 0
26.00	 0
-24.00	 0
-18.00	 0
1.00	 0
-41.00	 0
3.00	 0
-13.00	 0
-14.00	 0
-22.00	 0
38.00	 0
15.00	 0
-14.00	 0
8.00	 0
6.00	 0
19.00	 0
117.00	 0
3.00	 0
-7.00	 0
-25.00	 0
6.00	 0
-5.00	 0
-5.00	 0
26.00	 0
-7.00	 0
-1.00	 0
-12.00	 0
5.00	 0
-4.00	 0
3.00	 0
-11.00	 0
21.00	 0
-14.00	 0
24.00	 0
69.00	 0
62.00	 0
25.00	 0
-10.00	 0
2.00	 0
25.00	 0
-3.00	 0
9.00	 0
18.00	 0
29.00	 0
-21.00	 0
-7.00	 0
-5.00	 0
10.00	 0
-28.00	 0
-20.00	 0
5.00	 0
-16.00	 0
6.00	 0
-18.00	 0
8.00	 0
-34.00	 0
-4.00	 0
10.00	 0
8.00	 0
17.00	 0
237.00	 0
-10.00	 0
-2.00	 0
-7.00	 0
-3.00	 0
6.00	 0
16.00	 0
4.00	 0
7.00	 0
-6.00	 0
28.00	 0
15.00	 0
20.00	 0
23.00	 0
21.00	 0
16.00	 0
-13.00	 0
-2.00	 0
2.00	 0
-6.00	 0
42.00	 0
17.00	 0
-18.00	 0
-5.00	 0
24.00	 0
-17.00	 0
-1.00	 0
36.00	 0
1.00	 0
4.00	 0
-5.00	 0
1.00	 0
-6.00	 0
9.00	 0
13.00	 0
-24.00	 0
-15.00	 0
-16.00	 0
-14.00	 0
-23.00	 0
54.00	 0
-22.00	 0
-16.00	 0
-8.00	 0
3.00	 0
-9.00	 0
-29.00	 0
-3.00	 0
26.00	 0
-36.00	 0
-14.00	 0
-15.00	 0
0.00	 0
11.00	 0
-11.00	 0
-3.00	 0
-28.00	 0
-6.00	 0
-17.00	 0
221.00	 0
37.00	 0
12.00	 0
0.00	 0
-19.00	 0
-32.00	 0
-18.00	 0
95.00	 0
-5.00	 0
3.00	 0
-29.00	 0
-23.00	 0
-16.00	 0
2.00	 0
-6.00	 0
31.00	 0
-21.00	 0
15.00	 0
22.00	 0
-9.00	 0
-17.00	 0
-14.00	 0
6.00	 0
-13.00	 0
33.00	 0
-9.00	 0
-11.00	 0
2.00	 0
-14.00	 0
-30.00	 0
-7.00	 0
-10.00	 0
-8.00	 0
-8.00	 0
23.00	 0
-14.00	 0
-12.00	 0
-26.00	 0
6.00	 0
	 0
-6.00	 0
-27.00	 0
-6.00	 0
129.00	 0
-24.00	 0
4.00	 0
14.00	 0
8.00	 0
11.00	 0
-3.00	 0
70.00	 0
-5.00	 0
33.00	 0
-2.00	 0
-13.00	 0
-14.00	 0
1.00	 0
-11.00	 0
85.00	 0
7.00	 0
-22.00	 0
-4.00	 0
39.00	 0
-27.00	 0
-26.00	 0
-8.00	 0
126.00	 0
-6.00	 0
-15.00	 0
3.00	 0
	 0
-10.00	 0
-20.00	 0
9.00	 0
257.00	 0
-1.00	 0
6.00	 0
-9.00	 0
36.00	 0
	 0
-18.00	 0
-8.00	 0
-1.00	 0
-8.00	 0
7.00	 0
8.00	 0
-9.00	 0
-13.00	 0
-11.00	 0
40.00	 0
84.00	 0
-6.00	 0
-10.00	 0
100.00	 0
3.00	 0
126.00	 0
-29.00	 0
-20.00	 0
-13.00	 0
2.00	 0
-9.00	 0
21.00	 0
-5.00	 0
-3.00	 0
-5.00	 0
-2.00	 0
56.00	 0
12.00	 0
93.00	 0
0.00	 0
5.00	 0
-14.00	 0
-28.00	 0
5.00	 0
23.00	 0
232.00	 0
-19.00	 0
-11.00	 0
-27.00	 0
2.00	 0
78.00	 0
-23.00	 0
117.00	 0
-8.00	 0
-13.00	 0
0.00	 0
3.00	 0
-11.00	 0
8.00	 0
18.00	 0
-14.00	 0
-5.00	 0
2.00	 0
-16.00	 0
-20.00	 0
-23.00	 0
-1.00	 0
3.00	 0
-22.00	 0
5.00	 0
11.00	 0
-32.00	 0
-17.00	 0
83.00	 0
68.00	 0
-10.00	 0
21.00	 0
-18.00	 0
-4.00	 0
-12.00	 0
-5.00	 0
54.00	 0
22.00	 0
77.00	 0
2.00	 0
4.00	 0
-18.00	 0
-11.00	 0
34.00	 0
-2.00	 0
3.00	 0
-9.00	 0
1.00	 0
-5.00	 0
-2.00	 0
14.00	 0
-4.00	 0
-13.00	 0
-18.00	 0
8.00	 0
-10.00	 0
8.00	 0
10.00	 0
-31.00	 0
-11.00	 0
2.00	 0
-6.00	 0
28.00	 0
-8.00	 0
6.00	 0
-18.00	 0
35.00	 0
7.00	 0
-16.00	 0
39.00	 0
4.00	 0
-17.00	 0
-16.00	 0
7.00	 0
17.00	 0
-28.00	 0
-9.00	 0
30.00	 0
-10.00	 0
31.00	 0
-15.00	 0
-19.00	 0
-10.00	 0
-15.00	 0
-9.00	 0
-4.00	 0
7.00	 0
50.00	 0
22.00	 0
-6.00	 0
13.00	 0
2.00	 0
-8.00	 0
-2.00	 0
-7.00	 0
-5.00	 0
-11.00	 0
18.00	 0
2.00	 0
-20.00	 0
-2.00	 0
-16.00	 0
7.00	 0
-12.00	 0
-9.00	 0
-30.00	 0
67.00	 0
-20.00	 0
0.00	 0
-11.00	 0
-11.00	 0
0.00	 0
-22.00	 0
-8.00	 0
-6.00	 0
4.00	 0
-19.00	 0
-25.00	 0
9.00	 0
0.00	 0
	 0
-15.00	 0
51.00	 0
158.00	 0
-2.00	 0
66.00	 0
-7.00	 0
-3.00	 0
11.00	 0
98.00	 0
-12.00	 0
-15.00	 0
0.00	 0
-17.00	 0
-9.00	 0
-13.00	 0
17.00	 0
-13.00	 0
-4.00	 0
-20.00	 0
-9.00	 0
-26.00	 0
6.00	 0
8.00	 0
-8.00	 0
1.00	 0
-14.00	 0
-8.00	 0
-12.00	 0
-1.00	 0
-6.00	 0
-15.00	 0
-21.00	 0
-19.00	 0
-2.00	 0
-4.00	 0
-10.00	 0
20.00	 0
21.00	 0
21.00	 0
320.00	 0
	 0
45.00	 0
-13.00	 0
-16.00	 0
-19.00	 0
3.00	 0
-24.00	 0
-20.00	 0
-3.00	 0
-15.00	 0
-9.00	 0
-32.00	 0
109.00	 0
7.00	 0
-19.00	 0
-15.00	 0
24.00	 0
-8.00	 0
6.00	 0
-24.00	 0
2.00	 0
-19.00	 0
39.00	 0
-19.00	 0
-2.00	 0
0.00	 0
5.00	 0
-28.00	 0
-6.00	 0
-41.00	 0
-6.00	 0
0.00	 0
9.00	 0
-4.00	 0
28.00	 0
47.00	 0
33.00	 0
-16.00	 0
66.00	 0
5.00	 0
-1.00	 0
-35.00	 0
7.00	 0
17.00	 0
-3.00	 0
27.00	 0
-17.00	 0
214.00	 0
-9.00	 0
-17.00	 0
21.00	 0
-15.00	 0
36.00	 0
29.00	 0
32.00	 0
-35.00	 0
56.00	 0
-12.00	 0
7.00	 0
2.00	 0
28.00	 0
-4.00	 0
17.00	 0
-11.00	 0
-9.00	 0
20.00	 0
-6.00	 0
-1.00	 0
-21.00	 0
-18.00	 0
12.00	 0
-13.00	 0
-12.00	 0
6.00	 0
-15.00	 0
5.00	 0
13.00	 0
11.00	 0
3.00	 0
-2.00	 0
9.00	 0
2.00	 0
5.00	 0
-13.00	 0
49.00	 0
-6.00	 0
37.00	 0
-9.00	 0
-8.00	 0
43.00	 0
-8.00	 0
15.00	 0
77.00	 0
-15.00	 0
7.00	 0
-10.00	 0
25.00	 0
27.00	 0
4.00	 0
-26.00	 0
3.00	 0
104.00	 0
43.00	 0
0.00	 0
-3.00	 0
-8.00	 0
-18.00	 0
152.00	 0
5.00	 0
-23.00	 0
-13.00	 0
239.00	 0
-2.00	 0
84.00	 0
4.00	 0
0.00	 0
9.00	 0
4.00	 0
6.00	 0
-18.00	 0
-4.00	 0
-2.00	 0
-33.00	 0
-10.00	 0
3.00	 0
-12.00	 0
107.00	 0
	 0
-16.00	 0
18.00	 0
13.00	 0
7.00	 0
-20.00	 0
25.00	 0
43.00	 0
3.00	 0
-6.00	 0
5.00	 0
-13.00	 0
0.00	 0
12.00	 0
20.00	 0
48.00	 0
-4.00	 0
2.00	 0
22.00	 0
5.00	 0
-10.00	 0
-7.00	 0
-1.00	 0
-12.00	 0
-11.00	 0
8.00	 0
5.00	 0
45.00	 0
74.00	 0
-12.00	 0
-14.00	 0
21.00	 0
0.00	 0
-17.00	 0
-5.00	 0
-12.00	 0
-17.00	 0
-14.00	 0
4.00	 0
-2.00	 0
-31.00	 0
-17.00	 0
10.00	 0
-9.00	 0
2.00	 0
-7.00	 0
-16.00	 0
1.00	 0
14.00	 0
-36.00	 0
-1.00	 0
-6.00	 0
4.00	 0
-9.00	 0
-7.00	 0
-5.00	 0
79.00	 0
27.00	 0
-6.00	 0
2.00	 0
-11.00	 0
-24.00	 0
-11.00	 0
-2.00	 0
-15.00	 0
-17.00	 0
-7.00	 0
-7.00	 0
-19.00	 0
-17.00	 0
-14.00	 0
-24.00	 0
-29.00	 0
21.00	 0
12.00	 0
-1.00	 0
	 0
-4.00	 0
3.00	 0
-13.00	 0
-22.00	 0
-17.00	 0
-8.00	 0
-14.00	 0
-3.00	 0
1.00	 0
-6.00	 0
20.00	 0
41.00	 0
-4.00	 0
-23.00	 0
-13.00	 0
0.00	 0
-12.00	 0
-19.00	 0
-5.00	 0
-2.00	 0
4.00	 0
-13.00	 0
3.00	 0
-10.00	 0
9.00	 0
716.00	 0
17.00	 0
30.00	 0
-4.00	 0
-20.00	 0
-11.00	 0
-13.00	 0
15.00	 0
-31.00	 0
30.00	 0
8.00	 0
-5.00	 0
17.00	 0
72.00	 0
-15.00	 0
-20.00	 0
-2.00	 0
10.00	 0
-20.00	 0
-3.00	 0
5.00	 0
25.00	 0
14.00	 0
2.00	 0
0.00	 0
69.00	 0
-22.00	 0
-9.00	 0
35.00	 0
-13.00	 0
-8.00	 0
-18.00	 0
-3.00	 0
21.00	 0
-10.00	 0
-11.00	 0
1.00	 0
19.00	 0
1.00	 0
-2.00	 0
-8.00	 0
-12.00	 0
4.00	 0
140.00	 0
-16.00	 0
37.00	 0
24.00	 0
-5.00	 0
5.00	 0
8.00	 0
15.00	 0
-11.00	 0
-1.00	 0
-16.00	 0
1.00	 0
-35.00	 0
-12.00	 0
6.00	 0
7.00	 0
38.00	 0
-18.00	 0
-37.00	 0
-7.00	 0
-33.00	 0
-17.00	 0
-15.00	 0
-17.00	 0
-7.00	 0
2.00	 0
-6.00	 0
-19.00	 0
-15.00	 0
-1.00	 0
46.00	 0
4.00	 0
-16.00	 0
22.00	 0
-18.00	 0
-2.00	 0
48.00	 0
-21.00	 0
-9.00	 0
57.00	 0
-5.00	 0
-4.00	 0
20.00	 0
65.00	 0
-4.00	 0
-2.00	 0
19.00	 0
-36.00	 0
9.00	 0
-16.00	 0
-18.00	 0
3.00	 0
-2.00	 0
2.00	 0
1.00	 0
	 0
-24.00	 0
-28.00	 0
-20.00	 0
-1.00	 0
2.00	 0
-18.00	 0
-47.00	 0
-10.00	 0
-7.00	 0
-30.00	 0
-6.00	 0
21.00	 0
-13.00	 0
8.00	 0
-9.00	 0
115.00	 0
12.00	 0
-4.00	 0
-17.00	 0
21.00	 0
0.00	 0
18.00	 0
-24.00	 0
34.00	 0
-15.00	 0
-18.00	 0
0.00	 0
-1.00	 0
-23.00	 0
-22.00	 0
13.00	 0
1.00	 0
5.00	 0
	 0
6.00	 0
-9.00	 0
14.00	 0
78.00	 0
-2.00	 0
0.00	 0
8.00	 0
-8.00	 0
8.00	 0
-22.00	 0
-19.00	 0
94.00	 0
15.00	 0
7.00	 0
10.00	 0
9.00	 0
-11.00	 0
-1.00	 0
13.00	 0
1.00	 0
-5.00	 0
-1.00	 0
2.00	 0
	 0
-4.00	 0
-9.00	 0
-4.00	 0
-1.00	 0
7.00	 0
-8.00	 0
4.00	 0
	 0
16.00	 0
52.00	 0
190.00	 0
-32.00	 0
306.00	 0
71.00	 0
18.00	 0
-18.00	 0
-2.00	 0
24.00	 0
21.00	 0
-4.00	 0
-8.00	 0
-18.00	 0
-14.00	 0
-37.00	 0
8.00	 0
-8.00	 0
-23.00	 0
32.00	 0
-3.00	 0
-22.00	 0
12.00	 0
-16.00	 0
9.00	 0
-13.00	 0
9.00	 0
1.00	 0
-13.00	 0
105.00	 0
-4.00	 0
-14.00	 0
-8.00	 0
2.00	 0
-23.00	 0
-28.00	 0
-17.00	 0
-16.00	 0
-11.00	 0
54.00	 0
-19.00	 0
7.00	 0
43.00	 0
	 0
-9.00	 0
-3.00	 0
0.00	 0
-17.00	 0
-8.00	 0
-18.00	 0
-14.00	 0
-2.00	 0
-23.00	 0
-11.00	 0
-15.00	 0
65.00	 0
-11.00	 0
-4.00	 0
26.00	 0
51.00	 0
-8.00	 0
	 0
-28.00	 0
-22.00	 0
24.00	 0
